7512717@N06-3700	0	10	20	
31397036@N00-1656	4	8	1	
96423179@N00-4823	6	5	1	
16048448@N00-449	4	3	0	6	5	1	
67975030@N00-3214	4	11	3	0	15	13	6	14	7	5	16	19	1	
60611127@N00-2978	4	2	6	14	5	1	
60611127@N00-2979	17	11	3	0	6	1	
34427470616@N01-1839	2	0	10	1	
88185060@N00-4358	11	13	6	16	19	
26436271@N00-1294	3	6	7	
28543475@N08-1495	2	8	9	
37574483@N07-2072	2	7	5	
88185060@N00-4352	0	6	16	
88185060@N00-4353	0	6	5	
88185060@N00-4355	2	6	8	7	
88185060@N00-4356	2	7	5	
88185060@N00-4357	11	0	7	19	
11154928@N04-150	0	6	8	5	1	
39745335@N06-2137	0	7	16	1	
72429059@N00-3372	2	0	6	8	
47616704@N00-2495	3	0	6	14	7	1	
47616704@N00-2496	4	0	1	
56617401@N00-2845	3	0	6	14	5	1	
60006733@N05-2953	2	3	9	
56617401@N00-2840	4	3	5	
54022106@N00-2749	11	19	9	
12771303@N00-240	11	13	10	19	
29057345@N04-1522	2	0	21	
65958138@N00-3138	4	0	6	1	
90113037@N00-4475	2	6	8	
60206297@N00-2969	23	0	8	
60206297@N00-2968	4	20	1	
32812410@N06-1774	4	2	0	6	7	5	1	
19473027@N00-758	3	6	16	
51367743@N00-2651	4	17	3	13	14	
27948364@N00-1427	2	0	6	14	1	
84533614@N00-4210	15	12	16	
59446027@N00-2942	4	0	13	8	1	
27948364@N00-1428	4	2	6	
88185060@N00-4369	4	2	0	13	
81795065@N00-4120	15	13	16	
78461351@N00-3968	3	0	7	5	1	
42629370@N00-2272	17	11	15	13	16	
42629370@N00-2273	2	0	1	
42629370@N00-2270	3	0	5	1	
42629370@N00-2271	4	2	1	
92742787@N04-4702	2	0	15	1	
79335735@N06-4020	3	6	14	
8043663@N04-4053	4	13	6	7	
25984556@N07-1271	6	8	1	
25984556@N07-1270	4	3	0	10	6	14	8	1	
44124427374@N01-2379	11	0	6	7	21	1	
10354154@N05-46	14	7	1	
20587560@N00-924	2	10	5	
52439376@N00-2683	11	3	8	5	1	
7150832@N06-3324	17	15	13	
33278177@N00-1799	4	11	7	
48762356@N00-2528	3	0	1	
30963564@N00-1607	17	15	14	
98833136@N00-4989	0	15	13	
20799701@N00-931	4	17	2	26	15	13	8	7	5	18	16	1	
35034357529@N01-1884	0	6	14	
20483509@N00-826	11	3	0	6	
36539950@N00-1989	15	10	16	
63079834@N00-3076	4	7	1	
30671962@N05-1575	0	8	18	
11037560@N04-142	2	0	9	
28355390@N03-1452	0	13	6	14	16	1	
18966576@N00-542	3	0	14	7	1	
10091295@N02-4	15	8	9	
42027916@N00-2230	6	5	21	
42027916@N00-2231	4	7	1	
37493306@N00-2065	2	3	0	14	8	9	1	
42027916@N00-2233	6	9	1	
71812696@N00-3344	3	12	5	
28638538@N00-1508	4	3	0	1	
16497759@N07-481	11	0	21	19	
10335112@N05-41	4	17	3	6	1	
10335112@N05-42	15	13	16	
23363966@N02-1097	17	11	3	1	
23363966@N02-1094	14	7	1	
23363966@N02-1095	17	11	6	
40139809@N00-2151	17	0	16	1	
90514086@N00-4491	4	0	6	14	21	1	
28543475@N08-1507	10	12	1	
23351536@N07-1075	2	0	12	8	1	
23351536@N07-1074	3	12	9	
23351536@N07-1077	2	0	8	9	1	
77321230@N00-3882	4	0	10	1	
77036619@N00-3811	2	3	0	6	8	5	1	
21712240@N00-969	4	11	12	5	19	9	1	
7512717@N06-3601	0	9	1	
12982579@N00-266	3	0	14	5	16	1	
7512717@N06-3609	3	0	8	
62136333@N02-3056	4	17	11	3	15	
23351536@N07-1080	2	3	15	5	16	9	
40230716@N03-2175	4	3	0	
23351536@N07-1083	3	15	13	12	14	16	
67008765@N00-3181	17	11	19	
54458860@N00-2791	17	11	0	
67008765@N00-3183	4	3	0	6	14	5	1	
23351536@N07-1087	4	2	8	
50802125@N00-2618	4	0	6	
7359973@N08-3417	2	0	6	7	9	1	
32481757@N04-1761	4	17	11	0	8	16	1	
80997939@N00-4083	4	0	8	
14360576@N06-365	4	2	3	0	15	13	10	6	8	7	16	1	
14360576@N06-366	23	18	22	
77704116@N00-3896	3	6	7	5	1	
14360576@N06-368	0	20	19	
25396215@N00-1219	3	0	6	14	7	1	
88185060@N00-4362	0	6	1	
53836246@N00-2718	17	11	3	15	
18276635@N00-528	4	0	8	1	
18276635@N00-529	13	6	7	
93511097@N00-4722	0	8	1	
19473027@N00-652	14	5	1	
29978367@N00-1542	4	17	2	8	1	
22607526@N00-1027	2	0	8	1	
22607526@N00-1029	4	2	1	
95974557@N08-4812	3	14	5	
24401095@N00-1160	4	2	3	12	
36749913@N00-1996	10	6	7	
16190595@N05-464	0	8	1	
60006733@N05-2950	3	15	13	14	16	
64119933@N00-3113	11	15	13	6	7	
50551683@N00-2608	4	2	0	6	
11261325@N03-164	4	17	11	0	5	1	
32263295@N00-1717	3	12	6	9	
32263295@N00-1714	6	5	9	
23480782@N05-1103	4	2	0	
42348675@N00-2254	15	13	9	
19909714@N00-807	4	2	1	
20545573@N00-913	6	14	7	
9047223@N07-4490	26	7	1	
24697990@N00-1181	11	0	19	1	
28536568@N00-1490	17	11	5	
19909714@N00-808	3	6	5	
27681741@N06-1351	0	15	13	16	
20483509@N00-867	0	6	14	
32111003@N00-1703	3	6	14	1	
43619118@N04-2335	4	3	6	
7790703@N02-3920	4	17	11	0	
73124528@N00-3394	4	17	11	
43619118@N04-2339	4	3	0	14	1	
80052783@N00-4046	4	17	11	0	5	16	1	
7790703@N02-3928	0	6	1	
23108377@N07-1051	11	3	13	6	8	24	
46980778@N07-2463	4	3	1	
36424619@N00-1970	2	11	23	16	
99185699@N00-5001	3	14	1	
32693718@N07-1765	2	7	5	
31450835@N05-1669	2	3	0	14	8	9	1	
21254955@N04-945	17	0	1	
21254955@N04-944	4	0	1	
27462949@N00-1338	11	18	21	
27462949@N00-1339	4	2	0	15	5	
61897811@N00-3038	17	11	3	0	12	1	
7880512@N06-3985	23	8	19	
61369090@N07-2998	0	8	5	
38943965@N05-2109	4	3	0	21	1	
30129139@N04-1560	2	13	16	9	
24183489@N00-1146	2	15	13	
8684258@N02-4295	4	2	0	13	16	1	
7512717@N06-3654	4	0	10	8	1	
7512717@N06-3657	3	6	14	1	
7512717@N06-3656	3	6	9	
8308954@N06-4157	4	0	10	
11037560@N04-101	11	15	5	
43405950@N07-2319	2	3	10	14	7	1	
43405950@N07-2318	2	0	1	
9813542@N08-4955	4	3	0	6	14	5	
25389244@N00-1216	4	17	11	0	5	1	
62136333@N02-3049	4	3	1	
44124372821@N01-2370	0	6	16	
44124372821@N01-2371	4	2	0	
62136333@N02-3046	4	3	15	7	1	
39927207@N00-2138	4	0	8	5	
25148740@N03-1203	4	17	11	0	15	13	1	
63679518@N00-3099	4	7	5	
28404646@N00-1483	11	5	16	19	
25396215@N00-1220	3	12	8	5	9	
84533614@N00-4213	23	3	0	6	5	
16048448@N00-450	23	15	13	7	
84533614@N00-4212	2	9	1	
49998283@N00-2578	4	0	5	
15462727@N07-438	4	2	3	0	6	7	5	
43126182@N00-2307	2	0	5	
19153501@N00-543	17	11	13	16	
46237053@N00-2436	15	5	1	
34961066@N00-1876	11	0	1	
86752930@N00-4292	3	0	6	
27195496@N00-1323	11	3	0	
34792843@N04-1875	0	8	7	1	
51035737977@N01-2639	11	0	1	
58554451@N00-2893	17	11	0	1	
58034287@N00-2879	3	0	6	14	5	1	
27718315@N02-1367	0	5	1	
24616128@N00-1173	4	0	6	5	1	
36749913@N00-2003	4	2	10	1	
8349002@N04-4168	4	17	11	3	6	7	5	1	
54022106@N00-2752	2	3	1	
36749913@N00-2007	15	13	16	
84035351@N00-4180	4	0	7	1	
25034321@N05-1201	3	10	6	7	
97768382@N00-4951	4	17	11	3	0	16	1	
21916524@N07-981	17	11	8	
8520591@N03-4227	0	5	21	9	1	
8057454@N06-4066	17	11	13	5	16	
37996646802@N01-2091	4	23	0	
37996646802@N01-2092	3	6	14	
26226560@N02-1282	2	0	6	8	
26226560@N02-1281	0	8	1	
50833784@N00-2625	4	17	2	11	3	7	5	16	19	1	
51367743@N00-2647	17	11	0	15	13	6	8	
57192952@N00-2850	4	3	14	1	
8997662@N06-4468	15	13	6	14	5	16	1	
8997662@N06-4469	4	5	1	
38783516@N00-2108	2	3	0	
51367743@N00-2648	4	14	1	
47495910@N05-2491	3	0	14	8	1	
47495910@N05-2493	4	2	0	15	13	10	8	7	9	
47495910@N05-2492	4	0	1	
25302607@N00-1208	4	3	0	15	13	
71668585@N00-3329	4	0	1	
19473027@N00-581	0	10	7	5	
9352211@N06-4727	4	3	0	10	7	1	
14146962@N07-349	4	3	1	
55826454@N00-2820	4	3	0	15	10	6	5	16	9	1	
12495774@N02-219	2	11	23	0	1	
99962592@N00-5027	4	3	6	
71401076@N00-3308	4	10	20	14	7	
9352211@N06-4728	0	6	1	
20483509@N00-907	14	7	9	
77047514@N00-3862	2	0	6	14	
66227636@N04-3140	3	0	1	
77047514@N00-3825	2	12	20	6	7	5	16	
90001203@N00-4474	0	10	8	1	
90001203@N00-4473	4	0	1	
31803571@N02-1683	17	16	1	
51035639266@N01-2633	4	10	6	5	
27817416@N02-1392	0	7	5	
27817416@N02-1394	0	6	1	
20483509@N00-838	11	6	14	5	1	
20483509@N00-837	17	11	19	
42072165@N08-2237	4	0	1	
37029314@N00-2054	4	17	11	0	10	6	14	7	1	
37029314@N00-2055	4	15	13	8	16	
85217508@N00-4229	4	0	6	5	1	
48277923@N00-2508	4	2	0	1	
8110030@N05-4087	17	23	0	15	13	6	14	5	16	1	
33613749@N00-1811	4	0	6	1	
7512717@N06-3681	0	6	21	
30099537@N02-1555	4	3	1	
7512717@N06-3684	0	21	9	
88185060@N00-4346	0	10	6	
9351020@N06-4719	0	5	1	
9351020@N06-4718	4	0	6	
71088526@N00-3303	2	6	14	1	
61663261@N00-3032	15	13	14	5	
71088526@N00-3301	17	23	3	0	6	14	7	5	
7512717@N06-3667	0	6	14	9	
34427470616@N01-1862	2	0	9	1	
7512717@N06-3505	0	6	7	1	
32054787@N00-1700	17	0	8	
7512717@N06-3616	3	6	21	
7512717@N06-3611	0	10	6	1	
34427470616@N01-1850	0	10	12	18	
7512717@N06-3597	0	6	14	
61635869@N00-3025	4	3	0	14	5	1	
28103568@N00-1432	3	0	13	14	7	5	16	
26835091@N04-1308	12	6	8	9	
68493542@N00-3225	3	0	6	5	22	
15786211@N00-446	4	2	14	
77456049@N00-3895	17	3	0	6	14	5	19	1	
20483509@N00-882	2	0	13	
89187910@N00-4421	2	0	15	13	
20483509@N00-881	11	0	19	
50234824@N07-2587	4	0	7	1	
83308875@N00-4165	2	0	15	13	8	5	16	
83308875@N00-4164	3	6	14	5	1	
65393953@N03-3136	2	0	14	8	
14360576@N06-371	0	6	5	1	
14360576@N06-370	0	15	10	20	5	21	16	1	
86533211@N00-4287	11	8	7	5	19	
14915235@N00-411	2	0	10	
96241281@N00-4818	4	2	3	13	1	
23062920@N00-1046	2	3	0	12	1	
23062920@N00-1045	3	6	7	21	
63238112@N02-3085	0	8	1	
9588476@N02-4799	3	6	7	
29812295@N07-1537	4	2	8	1	
7512717@N06-3701	3	7	5	
12930951@N07-265	3	14	5	
29812295@N07-1538	2	0	13	16	
19473027@N00-705	3	6	7	
92237387@N00-4593	17	23	19	
19473027@N00-702	6	7	1	
31612046@N04-1680	4	11	0	8	
45972156@N04-2428	11	23	3	13	7	19	
45972156@N04-2427	4	2	0	6	1	
22607526@N00-1030	3	6	7	
9156485@N02-4568	3	0	6	14	1	
80021819@N00-4043	4	17	11	0	14	8	
22415346@N06-1017	0	15	13	1	
80021819@N00-4044	15	13	16	
120694055@N06-203	4	2	1	
19473027@N00-682	0	5	16	
19473027@N00-680	3	0	5	
60107315@N00-2963	0	6	7	
52706710@N03-2688	4	2	3	6	
9159505@N02-4574	4	0	1	
48122140@N00-2503	4	2	3	0	15	8	5	1	
7666975@N03-3796	4	2	1	
63458311@N00-3096	4	0	1	
48321512@N06-2514	3	6	7	5	21	
22087304@N07-986	15	13	16	
9588476@N02-4805	7	21	24	
94735786@N00-4744	4	3	6	5	1	
94735786@N00-4745	4	17	2	11	3	10	8	5	9	1	
94735786@N00-4746	4	3	6	5	
21283177@N00-948	17	15	14	16	1	
94735786@N00-4748	4	17	2	3	0	15	6	8	5	21	24	1	
40725466@N03-2185	4	3	6	5	1	
71088526@N00-3302	4	3	1	
43222683@N00-2312	11	0	7	1	
28536568@N00-1487	4	0	5	1	
7633518@N08-3789	4	0	1	
37185577@N00-2060	4	0	7	1	
86765090@N00-4293	11	13	16	19	
27681741@N06-1349	2	7	5	
10655856@N04-82	3	12	14	5	1	
10655856@N04-81	0	10	21	1	
71057941@N00-3288	3	6	8	
7790703@N02-3930	2	10	5	
97534175@N00-4922	4	2	0	1	
97534175@N00-4923	2	0	8	1	
44232237@N03-2388	3	0	6	14	8	
86401769@N00-4277	4	17	6	1	
90585585@N00-4496	0	5	9	
62308216@N00-3059	4	0	1	
90585585@N00-4493	4	3	19	
11613952@N05-185	8	7	1	
50542255@N00-2605	3	10	6	
73173768@N00-3399	4	20	6	14	1	
7512717@N06-3625	2	20	8	9	
7512717@N06-3623	0	8	1	
7512717@N06-3719	4	0	10	
21492331@N03-956	3	7	5	9	
17643132@N00-513	2	0	13	12	5	9	1	
10332960@N03-39	2	0	8	
17643132@N00-514	4	11	0	5	1	
10340081@N02-44	4	2	3	
19663529@N00-800	4	0	5	16	
19663529@N00-802	11	19	1	
58433801@N07-2891	11	6	5	
60444977@N00-2972	3	0	1	
85603833@N00-4239	15	16	9	
73478860@N00-3413	0	5	9	1	
75951171@N02-3776	7	9	1	
58695432@N00-2907	15	13	5	
7512717@N06-3530	0	14	7	
7512717@N06-3651	3	10	6	7	1	
7512717@N06-3650	2	11	6	14	
29624180@N04-1535	11	3	19	
29624180@N04-1533	4	3	0	1	
52683275@N00-2684	4	2	0	
87658636@N00-4316	0	12	1	
27828336@N00-1423	14	7	1	
9878315@N04-4969	0	18	19	
88185060@N00-4335	4	0	20	
87658636@N00-4318	2	0	1	
85217508@N00-4232	13	5	16	
71668585@N00-3340	3	5	19	
9351020@N06-4721	4	5	1	
8326485@N06-4160	4	2	11	0	16	1	
40055757@N00-2144	11	3	5	
71909564@N00-3364	15	13	1	
26680618@N02-1302	0	6	14	9	
48355243@N00-2515	0	6	14	
23518714@N00-1107	4	3	0	6	5	19	1	
12061846@N00-202	4	3	0	15	6	5	1	
43002463@N00-2286	2	3	5	
71668585@N00-3332	6	14	7	
71668585@N00-3335	5	18	21	
7929654@N05-4012	17	11	3	0	7	
7929654@N05-4011	2	11	23	15	13	16	
8997662@N06-4470	17	11	3	6	7	5	19	
37804979@N00-2078	3	5	1	
11037560@N04-98	4	11	0	
11037560@N04-99	11	15	10	6	14	5	
19473027@N00-672	3	0	14	1	
64876844@N00-3122	0	13	8	1	
9159505@N02-4575	17	11	3	15	13	5	16	19	
59271446@N00-2924	6	21	1	
12495774@N02-222	4	2	0	6	7	
48355243@N00-2516	4	2	0	
11881702@N00-194	6	14	8	
11881702@N00-193	4	2	0	8	1	
30409117@N07-1567	2	5	9	
24803078@N00-1186	3	0	6	14	5	1	
24645033@N00-1180	3	13	5	16	
14869313@N00-398	17	11	6	
80649505@N08-4071	4	23	19	
44124427374@N01-2380	17	11	0	6	
58598613@N00-2896	17	11	0	
66434265@N00-3145	4	11	15	13	8	1	
66434265@N00-3146	23	10	8	19	
66434265@N00-3147	2	0	8	
26265986@N00-1287	4	14	7	18	24	
26265986@N00-1286	4	2	7	
31363435@N07-1652	2	0	15	13	8	5	16	1	
31363435@N07-1651	2	0	8	7	5	1	
71445279@N00-3323	2	0	12	6	14	7	9	1	
7310714@N06-3388	11	0	8	1	
7310714@N06-3389	3	0	9	
64332066@N00-3115	4	17	2	0	13	8	5	1	
70384696@N00-3257	4	2	1	
62136333@N02-3047	4	11	3	15	1	
42907325@N00-2280	2	0	16	
83511002@N00-4169	23	13	6	16	
38115734@N00-2095	23	6	7	
7512717@N06-3699	3	6	5	
38115734@N00-2093	4	11	19	
7512717@N06-3696	2	0	8	1	
32329639@N00-1747	11	3	0	6	7	1	
91357983@N05-4557	3	13	10	
41692261@N00-2209	4	0	1	
13518023@N03-274	4	19	1	
13518023@N03-275	4	2	3	14	5	9	1	
44756385@N00-2401	2	11	3	0	1	
44756385@N00-2402	2	0	8	9	
105307156@N06-74	4	17	23	
96241281@N00-4817	0	13	8	
18402635@N00-540	4	2	0	
51272891@N00-2645	2	0	5	16	1	
7512717@N06-3677	0	20	6	7	
8997662@N06-4471	2	11	3	14	7	5	19	1	
97595808@N00-4941	2	12	8	9	
66913692@N00-3155	3	0	16	1	
66913692@N00-3154	4	3	12	
57258627@N00-2853	3	0	14	8	5	
7512717@N06-3572	2	12	9	
77036619@N00-3807	4	17	2	11	3	0	14	8	5	1	
8095506@N07-4080	4	3	0	10	6	7	1	
13016459@N08-267	8	5	16	
7512717@N06-3586	0	6	14	8	
60611127@N00-2983	4	2	0	15	13	
60611127@N00-2981	4	3	0	13	8	1	
60611127@N00-2980	4	3	0	1	
32054787@N00-1692	11	0	8	
42583704@N00-2268	4	3	6	5	
63238112@N02-3080	10	6	7	5	
68121184@N00-3216	0	14	1	
42583704@N00-2267	4	3	14	7	1	
42583704@N00-2266	17	2	11	23	8	5	19	
62744044@N00-3070	3	0	5	1	
97595808@N00-4937	11	15	13	19	
42509361@N05-2262	4	6	5	1	
35703376@N00-1953	4	17	1	
53921762@N00-2723	0	6	7	
77351046@N00-3889	3	0	13	14	
53921762@N00-2727	3	5	1	
47905916@N00-2498	4	17	0	15	8	16	1	
8389569@N08-4176	0	15	5	
42479008@N02-2261	17	11	15	13	16	
41894148532@N01-2217	2	6	14	1	
22583729@N06-1022	0	5	9	
19473027@N00-739	17	2	0	19	
21712240@N00-970	2	15	13	5	16	19	
19473027@N00-701	3	6	5	9	
8389569@N08-4173	3	0	15	8	1	
14057878@N00-311	2	0	1	
14057878@N00-317	0	8	9	1	
14057878@N00-316	3	12	6	7	
19473027@N00-734	11	0	1	
54549576@N00-2795	2	11	19	
75136617@N00-3734	0	6	7	
60006733@N05-2947	4	0	7	
65326158@N00-3135	4	17	0	1	
31191687@N06-1639	3	6	5	
60006733@N05-2949	15	13	5	16	
8590701@N06-4242	4	11	3	0	5	1	
19473027@N00-691	10	20	21	9	
19473027@N00-690	12	8	5	9	
84989911@N00-4220	4	2	11	14	8	9	1	
19473027@N00-695	6	7	1	
19473027@N00-694	3	14	5	
23837403@N03-1122	4	17	15	13	16	
23837403@N03-1121	4	17	13	16	
23837403@N03-1120	6	7	5	
30985799@N00-1627	11	3	19	
30985799@N00-1626	4	2	14	8	1	
7512717@N06-3693	4	0	10	20	8	1	
94869158@N00-4750	3	6	1	
24645033@N00-1178	3	5	21	
24645033@N00-1179	15	13	5	
45972156@N04-2429	0	5	1	
46952961@N00-2461	3	15	13	5	16	
81719291@N00-4117	15	13	16	
8389569@N08-4175	4	17	11	3	15	13	14	7	1	
8389569@N08-4174	4	17	11	3	0	15	13	6	14	5	16	9	1	
79295762@N00-4010	0	5	1	
7512717@N06-3665	3	6	14	5	
7790703@N02-3948	3	6	1	
68838281@N00-3233	3	14	1	
7958312@N08-4031	4	3	0	6	1	
72429059@N00-3371	11	0	1	
96721948@N00-4858	4	11	0	15	13	8	1	
80246494@N00-4051	4	17	11	16	1	
10486919@N00-67	0	6	9	
36101699310@N01-1966	11	3	19	1	
36101699310@N01-1965	3	0	15	6	5	
21116747@N02-937	2	11	9	1	
97206958@N00-4894	4	5	16	
9788232@N03-4952	4	3	5	
22890158@N08-1042	4	17	11	0	
75286866@N00-3758	4	2	3	13	8	
8970099@N04-4456	2	0	8	1	
44036847@N05-2348	3	0	14	1	
8970099@N04-4455	2	0	8	
8286908@N02-4155	4	3	5	
54549576@N00-2794	4	17	11	15	7	16	
27594569@N04-1345	0	8	9	1	
75181076@N00-3748	11	3	13	14	5	16	1	
28404646@N00-1473	2	13	5	9	
10159442@N00-13	4	11	3	0	15	13	6	7	5	16	19	1	
99646216@N00-5017	11	3	6	
99646216@N00-5016	17	11	19	
7512717@N06-3711	3	15	13	6	21	16	
7512717@N06-3709	3	6	14	
11037560@N04-127	6	5	1	
14711846@N00-387	4	17	11	3	0	8	5	1	
7512717@N06-3707	0	14	8	1	
52015062@N00-2673	4	3	0	6	5	1	
73422480@N00-3411	2	12	7	
11037560@N04-122	0	6	8	
84276425@N00-4196	2	11	0	15	7	1	
84276425@N00-4197	2	0	6	8	7	21	9	1	
30420228@N05-1568	4	2	0	
33925347@N05-1821	0	10	6	5	
34792843@N04-1874	4	6	7	
50509003@N00-2602	4	3	0	6	7	1	
50509003@N00-2600	4	3	0	7	
81311832@N00-4095	4	5	1	
77036619@N00-3810	3	0	8	5	1	
7354829@N03-3414	4	0	1	
7354829@N03-3416	4	0	14	8	7	5	21	16	1	
14711846@N00-386	15	13	6	
29172291@N00-1526	4	17	2	11	3	0	15	13	1	
60206297@N00-2967	0	9	1	
78361112@N00-3966	17	0	1	
73788492@N00-3423	4	17	11	23	0	1	
44925192@N00-2404	3	0	6	14	
44925192@N00-2405	17	11	0	
7512717@N06-3604	2	12	9	
73788492@N00-3425	17	11	3	0	6	8	5	1	
73788492@N00-3424	3	15	13	6	7	5	21	
49503132817@N01-2572	0	9	1	
7512717@N06-3644	0	6	8	
13996991@N07-284	4	2	0	1	
13996991@N07-282	15	6	5	16	
50794252@N04-2617	4	6	1	
26052518@N05-1273	0	6	1	
62579590@N00-3064	4	2	19	
60107315@N00-2962	2	11	0	
85318305@N00-4235	4	2	0	12	14	8	5	1	
85318305@N00-4236	2	0	10	12	8	5	9	
92237387@N00-4592	3	0	6	7	5	
29797746@N08-1536	4	17	11	3	0	15	13	6	14	5	16	1	
54022106@N00-2757	2	8	5	
67433276@N05-3199	2	14	1	
10287726@N02-32	17	2	3	0	8	1	
10287726@N02-33	4	2	8	7	1	
23873159@N08-1128	2	8	5	1	
8057454@N06-4065	2	0	1	
10287726@N02-34	13	8	16	
25561968@N00-1226	17	13	16	
53836246@N00-2722	17	11	15	13	
53836246@N00-2720	4	2	0	1	
53836246@N00-2721	0	15	13	14	5	
17505188@N06-512	3	0	16	
27105072@N00-1320	2	9	1	
84035351@N00-4181	0	15	8	
84989911@N00-4219	4	17	11	0	8	7	5	16	1	
19473027@N00-644	0	6	14	
67008765@N00-3180	0	8	1	
81397230@N00-4108	2	0	6	1	
8970099@N04-4457	11	23	0	15	13	16	
8328114@N02-4161	4	3	14	1	
9588476@N02-4804	4	11	0	10	1	
8328114@N02-4162	3	14	1	
30713600@N00-1577	4	2	6	14	
24401095@N00-1158	4	0	6	7	1	
77047514@N00-3840	2	10	12	
77047514@N00-3842	2	11	3	6	16	19	
8503026@N04-4221	4	0	6	1	
27017895@N02-1317	2	8	1	
24931020@N02-1193	4	11	15	13	14	8	5	16	1	
42348675@N00-2249	0	6	8	24	
17424601@N00-507	3	6	7	
42348675@N00-2246	2	0	6	7	1	
77047514@N00-3839	2	10	8	1	
45457437@N00-2421	3	0	13	
7512717@N06-3638	0	6	14	
28370443@N08-1471	17	11	0	16	
29365083@N06-1529	2	0	15	
69349066@N00-3245	6	7	1	
36967808@N00-2052	4	3	14	7	9	1	
43405950@N07-2320	2	5	16	
92134758@N00-4591	3	6	5	
7888746@N08-3991	3	6	8	7	
70938076@N00-3282	2	3	12	
70938076@N00-3285	15	13	16	
70938076@N00-3284	17	11	16	
77047514@N00-3814	0	20	5	
25866217@N00-1264	4	7	1	
25866217@N00-1262	0	7	19	
26276803@N05-1290	3	0	6	7	5	16	
12917962@N00-260	2	12	6	14	
23539578@N06-1111	4	0	6	5	
23539578@N06-1110	4	3	0	5	
12658277@N00-229	4	3	0	13	
7512717@N06-3565	4	0	8	
54069048@N07-2769	3	5	1	
73014677@N05-3381	4	2	11	6	
23351536@N07-1055	2	6	8	9	
50195515@N00-2583	4	3	0	13	6	14	1	
8701764@N02-4297	4	0	6	1	
74691311@N00-3466	4	15	14	16	
43498286@N00-2334	3	6	5	
62136333@N02-3057	2	11	3	15	7	1	
52015062@N00-2674	17	11	0	5	
43498286@N00-2333	4	0	9	1	
