4
13
32
33
34
39
41
42
44
46
67
74
81
82
98
99
101
122
127
142
150
164
185
193
194
202
203
219
222
229
240
260
265
266
267
274
275
282
284
311
316
317
349
365
366
368
370
371
386
387
398
411
438
446
449
450
464
481
507
512
513
514
528
529
540
542
543
581
644
652
672
680
682
690
691
694
695
701
702
705
734
739
758
800
802
807
808
826
837
838
867
881
882
907
913
924
931
937
944
945
948
956
969
970
981
986
1017
1022
1027
1029
1030
1042
1045
1046
1051
1055
1074
1075
1077
1080
1083
1087
1094
1095
1097
1103
1107
1110
1111
1120
1121
1122
1128
1146
1158
1160
1173
1178
1179
1180
1181
1186
1193
1201
1203
1208
1216
1219
1220
1226
1262
1264
1270
1271
1273
1281
1282
1286
1287
1290
1294
1302
1308
1317
1320
1323
1338
1339
1345
1349
1351
1367
1392
1394
1423
1427
1428
1432
1452
1471
1473
1483
1487
1490
1495
1507
1508
1522
1526
1529
1533
1535
1536
1537
1538
1542
1555
1560
1567
1568
1575
1577
1607
1626
1627
1639
1651
1652
1656
1669
1680
1683
1692
1700
1703
1714
1717
1747
1761
1765
1774
1799
1811
1821
1839
1850
1862
1874
1875
1876
1884
1953
1965
1966
1970
1989
1996
2003
2007
2052
2054
2055
2060
2065
2072
2078
2091
2092
2093
2095
2108
2109
2137
2138
2144
2151
2175
2185
2209
2217
2230
2231
2233
2237
2246
2249
2254
2261
2262
2266
2267
2268
2270
2271
2272
2273
2280
2286
2307
2312
2318
2319
2320
2333
2334
2335
2339
2348
2370
2371
2379
2380
2388
2401
2402
2404
2405
2421
2427
2428
2429
2436
2461
2463
2491
2492
2493
2495
2496
2498
2503
2508
2514
2515
2516
2528
2572
2578
2583
2587
2600
2602
2605
2608
2617
2618
2625
2633
2639
2645
2647
2648
2651
2673
2674
2683
2684
2688
2718
2720
2721
2722
2723
2727
2749
2752
2757
2769
2791
2794
2795
2820
2840
2845
2850
2853
2879
2891
2893
2896
2907
2924
2942
2947
2949
2950
2953
2962
2963
2967
2968
2969
2972
2978
2979
2980
2981
2983
2998
3025
3032
3038
3046
3047
3049
3056
3057
3059
3064
3070
3076
3080
3085
3096
3099
3113
3115
3122
3135
3136
3138
3140
3145
3146
3147
3154
3155
3180
3181
3183
3199
3214
3216
3225
3233
3245
3257
3282
3284
3285
3288
3301
3302
3303
3308
3323
3324
3329
3332
3335
3340
3344
3364
3371
3372
3381
3388
3389
3394
3399
3411
3413
3414
3416
3417
3423
3424
3425
3466
3505
3530
3565
3572
3586
3597
3601
3604
3609
3611
3616
3623
3625
3638
3644
3650
3651
3654
3656
3657
3665
3667
3677
3681
3684
3693
3696
3699
3700
3701
3707
3709
3711
3719
3734
3748
3758
3776
3789
3796
3807
3810
3811
3814
3825
3839
3840
3842
3862
3882
3889
3895
3896
3920
3928
3930
3948
3966
3968
3985
3991
4010
4011
4012
4020
4031
4043
4044
4046
4051
4053
4065
4066
4071
4080
4083
4087
4095
4108
4117
4120
4155
4157
4160
4161
4162
4164
4165
4168
4169
4173
4174
4175
4176
4180
4181
4196
4197
4210
4212
4213
4219
4220
4221
4227
4229
4232
4235
4236
4239
4242
4277
4287
4292
4293
4295
4297
4316
4318
4335
4346
4352
4353
4355
4356
4357
4358
4362
4369
4421
4455
4456
4457
4468
4469
4470
4471
4473
4474
4475
4490
4491
4493
4496
4557
4568
4574
4575
4591
4592
4593
4702
4718
4719
4721
4722
4727
4728
4744
4745
4746
4748
4750
4799
4804
4805
4812
4817
4818
4823
4858
4894
4922
4923
4937
4941
4951
4952
4955
4969
4989
5001
5016
5017
5027
