48453097@N00-2242	33	0	7	
48453097@N00-2243	52	25	7	
48453097@N00-2240	19	27	6	4	
48453097@N00-2241	6	13	31	
91151414@N00-4472	1	27	49	14	0	4	
93913731@N00-4783	9	24	52	
31148157@N00-1241	47	2	49	15	
8502118@N08-4217	35	48	32	33	30	24	14	58	7	4	
12900555@N02-212	29	27	24	
17211040@N00-413	13	0	4	
8502118@N08-4219	20	34	27	49	54	38	18	15	44	
44124479801@N01-2042	13	14	0	4	
17211040@N00-414	6	0	8	
14197203@N05-328	11	76	24	
64015960@N00-3128	29	2	3	
14197203@N05-325	28	26	2	
64015960@N00-3127	38	18	16	31	5	22	
30206889@N00-1150	5	25	0	7	
52618473@N02-2469	19	4	12	
59551944@N00-2893	21	25	4	
48213112@N00-2223	1	18	15	
56384399@N00-2673	54	77	79	25	0	4	
65638600@N05-3187	20	58	16	
51035603197@N01-2408	24	5	4	
79235216@N00-3888	46	3	5	22	
65779544@N00-3201	1	36	2	
23875378@N06-727	35	24	14	0	4	
7414413@N05-3534	36	73	4	
16867627@N06-394	20	51	38	18	16	44	53	56	
16867627@N06-395	48	45	19	29	27	9	11	57	50	81	53	0	12	
72327345@N00-3477	38	5	22	
45676902@N00-2099	24	79	7	
8502118@N08-4216	1	0	7	
91256982@N00-4621	48	43	12	
27759575@N05-959	29	51	56	
91748271@N00-4650	42	49	8	
52952793@N00-2505	19	24	14	0	7	
56935359@N00-2678	45	17	13	
37468950@N08-1685	48	28	32	17	33	9	30	3	38	44	21	0	61	12	
37468950@N08-1686	1	6	15	31	52	7	8	
60111909@N00-2903	27	15	24	14	0	56	7	8	
60111909@N00-2904	24	58	5	43	0	56	7	
58085609@N00-2824	5	66	7	
78681550@N00-3869	9	30	11	49	12	
78681550@N00-3868	5	0	4	
62948807@N00-3007	33	2	4	
28685313@N00-1075	28	9	71	75	4	12	
87584208@N00-4389	1	9	4	
33200530@N04-1320	1	33	26	3	24	0	7	
24761036@N00-798	32	19	33	
21160385@N02-560	9	14	12	
10966462@N02-147	27	6	15	8	
23806189@N00-721	28	19	36	14	55	22	
23806189@N00-720	34	5	22	8	
79925938@N00-3963	34	26	9	
69931111@N00-3408	1	2	51	56	
67774014@N00-3338	33	3	22	
49456569@N06-2301	1	5	22	4	
49456569@N06-2302	1	5	22	
8429346@N03-4160	33	22	0	4	
89743353@N00-4450	36	2	8	12	
89165847@N00-4431	5	0	4	
45676902@N00-2101	27	30	25	56	
75873727@N00-3626	2	14	5	0	7	
84987970@N00-4205	11	3	54	7	
12284993@N00-198	1	10	18	5	
14021337@N00-291	1	6	15	5	0	66	8	
9433773@N08-4817	1	10	36	3	24	5	
58673657@N07-2857	1	26	36	
48583839@N07-2268	1	19	36	3	5	81	0	4	
15213592@N03-385	19	30	0	4	
87355829@N00-4316	32	33	26	2	
87393953@N00-4368	28	30	5	0	
57768536@N05-2700	20	1	32	17	38	18	0	
99804259@N00-5096	19	58	12	
60451415@N00-2912	18	21	25	0	
36656940@N00-1593	42	2	3	8	
13237839@N00-241	57	73	59	
13237839@N00-245	28	36	9	2	14	39	0	
27759575@N05-961	6	31	52	73	59	
13233236@N04-232	0	4	12	
27759575@N05-966	17	2	22	8	
10559879@N00-64	20	1	2	18	
10559879@N00-63	17	33	18	
43929620@N05-1984	3	18	14	0	
10936890@N00-145	19	18	16	5	53	22	4	8	
43929620@N05-1982	38	63	61	
26071009@N04-912	35	3	14	5	25	0	
10681948@N00-129	45	36	18	
19447876@N00-443	19	5	0	
19447876@N00-445	14	73	59	7	
33062815@N00-1315	32	30	3	4	
84987970@N00-4210	2	16	44	
84987970@N00-4213	65	47	54	
84987970@N00-4212	34	1	17	26	2	49	58	8	
84987970@N00-4214	1	47	38	53	12	
24510946@N07-779	35	24	14	
24510946@N07-778	1	3	0	
25287507@N02-835	1	19	3	5	
7878308@N04-3878	45	16	0	
8329215@N04-4133	28	15	14	4	
47980775@N02-2185	29	62	25	
46778425@N00-2144	3	24	0	69	
8329215@N04-4134	35	9	11	24	14	5	0	7	4	
28067218@N00-1017	20	33	5	7	4	
77152181@N06-3758	26	36	11	2	3	
77152181@N06-3757	3	5	22	0	4	
99395734@N08-5062	5	4	8	
77152181@N06-3752	1	6	7	
77152181@N06-3751	35	6	11	
77152181@N06-3750	11	0	4	
9662258@N02-4890	20	68	19	9	14	5	21	40	0	
76395609@N00-3665	20	18	0	
92828317@N00-4710	32	42	27	3	
26085795@N02-916	20	34	28	17	33	29	3	51	18	50	8	
87109756@N02-4290	20	32	33	18	5	22	
30342939@N00-1203	48	28	1	32	17	19	33	9	30	2	3	50	24	14	5	43	0	7	4	12	
99109486@N00-5049	9	30	39	
71088526@N00-3470	9	24	14	39	63	7	
97867688@N00-4935	64	11	51	
8107002@N03-4069	45	6	36	0	4	
87393953@N00-4369	37	7	4	
30206889@N00-1149	30	64	11	24	16	5	55	40	25	53	0	7	
14197203@N05-339	1	22	0	
14197203@N05-337	35	20	18	
64015960@N00-3134	17	2	25	
44690184@N07-2075	19	24	8	
44690184@N07-2071	19	6	24	7	4	
49503156729@N01-2338	6	49	54	
73014677@N05-3513	54	5	0	
99804259@N00-5067	34	42	29	47	
45904697@N05-2111	13	3	0	
63022030@N00-3017	20	45	53	4	
48453097@N00-2254	20	18	0	
99804259@N00-5065	11	31	5	22	0	
91872843@N00-4689	5	7	4	
8281413@N06-4127	14	5	0	
99804259@N00-5066	47	16	63	
80373436@N00-4053	25	0	7	
70995385@N00-3417	14	0	4	
32394656@N00-1284	33	49	0	
22670857@N03-665	3	40	25	
35468141938@N01-1477	28	23	36	11	0	
93012314@N00-4742	1	31	59	7	
52952793@N00-2515	48	9	39	43	12	
52952793@N00-2517	64	76	24	14	31	52	25	7	
14481533@N00-368	1	19	2	15	24	5	0	4	8	
52952793@N00-2519	28	1	26	36	2	0	
25869855@N04-895	0	66	59	
50556076@N00-2379	5	22	0	
12238277@N04-191	70	36	14	0	61	
89864780@N00-4454	35	11	0	
28135215@N00-1042	6	13	15	8	
82698298@N00-4124	76	31	0	7	
32165728@N00-1277	65	62	82	53	
58554451@N00-2850	77	25	0	
42583704@N00-1935	68	28	1	17	36	9	30	2	24	14	5	22	0	7	4	
42583704@N00-1936	27	2	15	8	
42583704@N00-1938	35	45	47	9	11	3	15	76	24	14	16	5	44	53	22	0	63	7	
58301516@N00-2846	1	10	3	18	22	
48264126@N00-2225	13	7	4	
51928417@N00-2430	11	2	66	7	
24761036@N00-785	1	6	36	15	
110608682@N04-150	30	52	0	7	
71088526@N00-3467	3	15	21	25	0	80	4	
41894181187@N01-1925	14	0	4	
87584208@N00-4376	45	34	13	56	
60444977@N00-2908	48	1	32	14	5	22	0	4	8	
60444977@N00-2909	5	0	4	
60444977@N00-2907	35	1	32	33	3	49	15	24	25	0	
28964800@N03-1087	17	26	3	22	
34948727@N00-1397	1	19	2	5	25	
47988174@N04-2220	1	9	4	12	
77235006@N00-3772	1	19	33	3	22	8	
77235006@N00-3771	24	39	12	
77235006@N00-3775	1	3	24	66	
77235006@N00-3774	62	55	40	
86292040@N00-4245	10	2	50	0	
86292040@N00-4244	10	2	50	
53701455@N00-2556	20	16	52	
41894169655@N01-1918	15	14	8	
12284993@N00-200	20	19	2	
12284993@N00-202	20	34	5	0	4	
76726772@N00-3736	9	25	0	4	8	
76726772@N00-3735	62	55	40	
14197203@N05-345	3	5	22	
14197203@N05-342	1	3	15	0	7	4	
87584208@N00-4375	1	9	8	
90716728@N00-4468	3	39	22	
10896675@N00-143	49	15	5	62	0	7	
25287507@N02-836	49	54	18	
25287507@N02-837	34	17	3	5	8	
29174998@N05-1101	1	2	3	
29465723@N00-1117	32	38	7	
44124450371@N01-2032	34	6	2	49	18	15	44	0	7	
84987970@N00-4211	20	1	9	3	22	7	4	
28527865@N05-1066	3	39	5	0	61	
97972855@N00-4982	14	0	7	
63287673@N00-3062	35	11	0	
52952793@N00-2527	9	14	0	7	4	
52952793@N00-2526	48	20	38	18	22	
48889122860@N01-2289	32	19	33	50	5	0	4	
97972855@N00-4980	15	5	0	7	4	8	
7640968@N02-3668	1	33	38	18	4	
29728054@N00-1119	11	2	5	0	
63287673@N00-3047	22	0	4	
46421193@N07-2126	0	73	7	
44669264@N06-2066	40	4	12	
53836246@N00-2561	20	1	36	2	3	18	5	4	
57841116@N03-2733	19	3	0	
57841116@N03-2735	62	55	40	
82397118@N00-4113	3	0	4	
22670857@N03-614	11	52	0	
7666975@N03-3671	29	15	16	53	0	8	
22670857@N03-611	5	0	4	
94482242@N00-4842	28	26	47	49	
68529605@N00-3368	9	3	14	0	4	
58085609@N00-2826	27	14	31	59	
25976134@N04-902	33	36	3	5	
57841116@N03-2789	17	19	12	
84987970@N00-4209	34	1	19	26	6	36	47	2	49	8	
82698298@N00-4123	1	3	5	
84987970@N00-4202	13	11	2	12	
84987970@N00-4203	18	4	8	
84987970@N00-4206	28	6	36	11	8	
84987970@N00-4204	1	36	11	2	
39916636@N00-1786	3	5	22	
54086610@N00-2575	14	5	25	0	7	
87355829@N00-4315	10	32	33	
87355829@N00-4314	17	33	0	
54086610@N00-2572	9	72	75	4	
63238390@N00-3034	9	0	4	
75286866@N00-3600	45	10	11	
89165847@N00-4440	2	51	69	12	
8249050@N02-4121	49	18	43	
41312242@N00-1906	35	9	24	7	
28067218@N00-1023	1	6	15	
93003266@N04-4726	20	68	28	1	2	3	38	22	
18935424@N00-438	35	32	19	11	24	7	4	
41725486@N08-1914	19	0	61	7	
30265340@N00-1191	35	28	32	6	15	24	5	8	
93987037@N00-4786	19	27	9	18	24	14	5	81	0	7	4	
87801055@N06-4396	9	11	57	24	
77152181@N06-3745	20	10	18	16	
77152181@N06-3747	1	6	15	
77152181@N06-3748	11	76	31	66	7	4	
47334482@N00-2177	27	2	14	5	0	63	4	
87801055@N06-4399	6	49	15	
30265340@N00-1172	35	1	36	11	3	24	22	7	
43929620@N05-2005	2	15	0	
30265340@N00-1170	6	2	15	8	
82698298@N00-4126	28	3	5	22	4	
30265340@N00-1176	1	6	18	
71088526@N00-3468	20	32	19	2	31	5	22	
62744044@N00-3004	1	2	0	4	
63357531@N00-3092	5	22	0	
63357531@N00-3091	1	26	6	5	
62744044@N00-3002	13	3	8	
63357531@N00-3094	1	26	2	
97867688@N00-4922	32	33	5	0	
76225887@N00-3659	14	0	7	4	
97867688@N00-4929	19	69	12	
21225669@N00-562	2	3	61	
43408458@N08-1956	2	38	22	
13956722@N06-290	20	66	4	
78518246@N00-3846	35	34	22	
81697278@N02-4085	19	5	8	
78518246@N00-3844	42	9	11	
9438227@N06-4828	33	3	15	5	0	
55579714@N00-2646	6	2	0	8	
31058815@N00-1231	5	40	25	
38331851@N00-1724	1	15	39	
57841116@N03-2771	32	22	7	
36424619@N00-1562	15	5	79	59	
45904697@N05-2109	36	2	12	
72744226@N00-3506	1	36	2	
72744226@N00-3505	9	30	0	7	
99804259@N00-5070	2	83	8	
28461660@N00-1062	32	9	24	7	4	
28461660@N00-1063	27	36	47	16	4	
25287507@N02-841	28	1	32	36	
44204242@N04-2059	1	5	0	
25369515@N00-856	11	3	7	
75546495@N03-3609	1	49	5	52	0	66	7	4	
75546495@N03-3607	28	1	32	
24413182@N00-765	13	24	14	7	
24413182@N00-766	1	3	38	5	22	0	7	4	
40742367@N04-1895	27	30	59	
40742367@N04-1894	1	17	14	31	43	53	4	8	
44124401641@N01-2030	36	13	5	
63357531@N00-3072	32	54	5	22	0	4	
86589646@N00-4261	1	19	42	29	6	36	3	15	5	25	0	
89743353@N00-4449	17	30	12	
83029300@N00-4130	24	14	25	4	
82256568@N03-4106	19	3	14	5	22	0	4	
82256568@N03-4107	24	14	7	
54352459@N03-2598	1	0	7	
82256568@N03-4108	24	5	7	
31148157@N00-1249	11	24	0	
77967821@N00-3811	3	15	5	4	
74693095@N00-3568	1	37	2	
54352459@N03-2608	29	3	51	
44124479801@N01-2040	3	7	12	
31148157@N00-1240	28	17	19	
57990672@N04-2818	24	5	25	0	7	
31148157@N00-1245	28	17	26	0	
16767930@N05-392	67	23	11	57	24	31	73	66	7	4	
44259454@N00-2063	11	24	66	
97064055@N00-4902	11	24	7	
58196392@N00-2839	15	4	8	
42583704@N00-1940	20	57	3	18	31	0	66	
68892129@N00-3387	11	78	31	5	0	
24998164@N06-819	35	19	9	24	14	7	4	
14136614@N03-313	1	29	6	
14136614@N03-311	1	19	2	5	
24998164@N06-817	24	14	5	0	7	4	
41894175689@N01-1921	2	3	15	5	
41894175689@N01-1923	1	11	54	5	
30628871@N00-1217	32	50	5	0	
89165847@N00-4436	70	1	2	3	38	50	24	14	21	25	0	61	80	7	4	
69041444@N00-3395	35	24	0	
37086457@N00-1677	20	5	0	
84385698@N00-4171	45	17	6	0	7	
94520611@N05-4852	3	5	40	52	7	4	
34948727@N00-1386	34	11	24	0	7	
53840569@N07-2566	29	6	8	
53840569@N07-2567	35	11	7	
29954226@N00-1134	19	13	15	0	
22131083@N08-587	70	21	63	
66172503@N00-3248	35	34	27	11	2	3	18	15	5	22	0	7	4	
77235006@N00-3767	20	3	18	5	44	
58589111@N04-2852	15	52	25	
8473570@N02-4182	37	2	5	
8473570@N02-4183	32	2	78	31	
99804259@N00-5101	2	58	43	
8473570@N02-4185	11	2	39	44	0	
48453097@N00-2255	20	1	15	
76726772@N00-3729	35	24	40	52	7	4	
96256161@N00-4887	45	34	16	53	
49787588@N00-2345	1	3	15	5	22	0	4	8	
72562013@N06-3478	14	5	7	
49503207397@N01-2340	1	3	18	0	
49503207397@N01-2341	48	16	43	
25963075@N04-901	35	11	18	
24122821@N05-749	15	44	0	
87356726@N00-4328	38	0	63	
31124964@N00-1233	30	3	49	53	
52618473@N02-2495	15	14	7	
32446767@N03-1286	24	14	4	
37103729@N02-1679	36	2	3	5	22	
86589646@N00-4257	1	3	0	
8485766@N07-4198	24	31	66	7	
79235216@N00-3891	38	18	44	25	
79235216@N00-3890	28	1	6	36	30	2	54	51	15	50	
66883888@N00-3274	27	6	31	
24413182@N00-763	1	9	30	3	14	5	7	
36330826404@N01-1521	28	32	19	2	5	44	22	0	4	
36330826404@N01-1522	20	1	30	2	40	25	7	
11674539@N06-166	1	24	7	
93384183@N00-4749	35	28	32	29	2	
22670857@N03-607	34	2	15	
91821745@N00-4682	5	0	4	
40082311@N00-1823	17	3	18	
40082311@N00-1820	28	3	18	
40082311@N00-1826	3	38	18	
40082311@N00-1827	20	17	3	38	18	
40575018@N07-1854	32	5	22	
96155869@N00-4885	17	19	33	51	12	
80021819@N00-4049	29	36	2	
51986774@N00-2455	3	50	22	
82955378@N05-4129	29	2	3	15	5	44	56	
98999190@N00-5047	65	32	19	22	7	4	
68529605@N00-3370	28	33	12	
21929094@N02-582	15	16	0	
8755651@N05-4372	46	6	4	8	
92496717@N00-4698	35	43	4	
57841116@N03-2808	38	18	44	
82155102@N07-4105	32	33	4	
63357531@N00-3084	1	3	0	
94327650@N03-4790	42	15	8	
69539023@N00-3398	48	32	26	36	5	0	
42656687@N00-1941	1	2	50	
49975776@N07-2352	20	1	6	57	3	14	5	25	0	63	4	
97867688@N00-4915	26	27	9	2	15	79	0	69	12	
37912374670@N01-1703	18	5	22	
97972855@N00-4983	19	3	18	16	44	12	
10195518@N02-14	62	55	21	66	61	7	
66647015@N06-3271	3	76	63	7	
26670541@N07-931	28	42	26	6	2	8	
79925938@N00-3977	34	26	9	
9438227@N06-4832	17	29	30	16	
57841116@N03-2747	50	44	56	
24453935@N00-771	24	0	66	7	
44925192@N00-2079	28	1	32	26	9	11	3	14	5	22	0	
44925192@N00-2078	13	64	7	
19289077@N00-440	34	19	33	49	15	22	7	4	8	
31043650@N04-1230	33	2	21	
97304820@N00-4906	2	5	22	0	
97304820@N00-4907	34	1	42	29	6	36	3	15	5	22	0	8	12	
33195950@N00-1318	35	42	29	27	3	15	24	22	0	73	7	8	
63287673@N00-3042	35	61	7	
22853276@N05-681	3	38	61	
22853276@N05-680	25	0	59	7	
94482242@N00-4849	20	6	8	
22853276@N05-686	52	0	7	
22853276@N05-685	17	9	30	14	25	0	4	12	
49462309@N04-2323	31	25	7	
83332749@N00-4141	35	17	9	11	44	0	7	
92496717@N00-4702	77	21	7	4	
56935359@N00-2680	42	26	4	
36656940@N00-1583	26	2	3	
48737213@N00-2282	64	11	24	
13233236@N04-228	9	2	0	
13233236@N04-224	32	19	18	
13233236@N04-225	1	32	33	26	36	
68183366@N05-3354	34	47	8	
39297387@N00-1769	9	2	14	0	
43929620@N05-1990	1	36	2	8	
10559879@N00-78	42	6	15	
60422641@N04-2905	38	15	61	
68892129@N00-3391	11	5	7	
24998164@N06-820	28	1	32	19	33	26	36	0	4	
30628871@N00-1208	19	5	0	4	
95464641@N00-4868	1	17	19	
31404528@N02-1265	2	39	0	4	
56140378@N07-2672	20	38	15	5	
56140378@N07-2671	6	49	8	
22852813@N04-676	9	30	50	16	53	
12505664@N00-206	35	0	7	
36521966482@N01-1563	30	0	4	
23809369@N08-724	20	27	2	18	16	44	
23809369@N08-725	33	26	36	31	
23809369@N08-723	32	19	33	11	3	5	0	7	
36521966482@N01-1565	13	14	7	
57608438@N08-2690	35	3	7	4	
57608438@N08-2691	9	30	24	5	25	
99804259@N00-5064	35	38	14	31	
49992082@N08-2354	1	6	3	15	
77152181@N06-3762	17	5	0	7	4	
77152181@N06-3761	32	17	19	33	11	3	24	5	0	7	
84987970@N00-4199	65	13	38	18	61	
61579728@N05-2956	68	64	11	3	12	
