40-4675	128	74	1661	
40-4676	332	1662	846	
40-4670	1	405	124	2159	501	500	332	598	500	
40-4672	405	1	124	501	500	332	941	
40-4679	124	501	332	846	
9-1010	12	102	61	2021	
9-1011	12	44	201	102	1345	132	1354	798	218	53	1027	12	61	34	
9-1016	12	61	102	34	356	
27-3237	3517	1193	1192	
27-3232	1193	588	326	18	21	
44-4979	334	145	3409	
44-4976	145	115	1077	2580	2583	
44-4977	2582	113	145	115	
44-4975	2581	166	67	
38-4496	30	757	3630	218	
38-4497	3604	0	1	
38-4494	594	509	3654	378	1208	
36-4378	47	345	4	759	
36-4371	27	4	70	55	20	157	55	
36-4370	701	135	91	
36-4372	55	70	4	4	27	
36-4375	191	4	4	
36-4377	91	47	518	
11-1216	42	635	2947	3150	
11-1215	382	271	1451	767	
18-2243	0	3656	3665	31	38	3	
14-1525	11	330	733	
18-2245	0	331	38	225	818	
21-2562	1697	0	2641	233	0	6	
35-4133	184	3410	17	1169	1170	515	
35-4130	1172	1173	96	1171	
35-4136	17	896	1876	256	2221	2509	2508	1872	1870	
35-4137	3364	54	1	204	353	2355	1	278	43	17	267	
35-4134	566	2512	17	
35-4135	184	267	1006	17	184	
35-4138	1056	2356	2	977	2	168	2351	976	2352	
35-4139	168	67	17	184	
9-1038	201	12	53	
9-1039	53	12	855	34	356	
9-1036	12	132	44	34	
9-1037	1693	1692	1691	12	301	
29-3427	51	230	24	47	7	39	175	
9-1033	400	520	76	12	856	102	34	
9-1031	12	132	505	34	538	
44-4999	648	2414	1603	
18-2104	0	133	38	
30-3748	27	217	4	1	363	
30-3747	2	76	5	
30-3744	4	418	1616	269	
20-2392	1800	1801	729	
28-3292	1	1748	1119	1747	
28-3293	1	497	1746	1745	1	
31-3834	739	650	651	
18-1996	3	16	114	
18-1997	3	2108	2560	
10-1169	4	2029	2028	458	295	
18-1995	1588	2566	1	3	
18-1992	496	3	88	1194	3145	771	
18-1993	210	2	3	1274	
18-1990	3	16	48	
18-1991	3	756	152	
10-1162	157	2	295	29	911	
10-1161	27	4	191	
10-1166	2533	177	0	911	
10-1165	2005	2538	2539	
39-4583	368	69	404	710	
21-2531	10	6	165	
39-4580	213	410	90	69	90	
39-4586	213	90	69	2145	
39-4584	758	544	350	
16-1759	2898	2899	1	2	210	531	1573	
16-1757	697	1075	1075	123	
16-1754	430	123	3064	1	88	23	
16-1755	173	1100	1175	743	3063	123	
21-2642	0	6	255	
29-3367	24	47	42	2597	103	
29-3364	4	0	100	
29-3363	237	2	92	
41-4773	216	62	9	9	99	
21-2539	10	6	162	
41-4771	240	75	41	9	65	99	
41-4770	348	608	3016	
41-4777	73	45	60	248	421	215	
41-4776	189	164	75	41	62	9	99	60	45	2753	
41-4775	73	45	60	248	99	215	161	187	303	209	2760	445	2759	
41-4774	216	75	62	41	9	214	60	45	
41-4779	683	60	248	2660	99	669	512	511	2485	1003	2487	65	2486	359	451	513	2488	517	416	1114	434	3155	358	728	3152	971	396	1149	3149	971	1113	1115	
41-4778	178	62	75	41	9	65	60	99	73	73	45	422	
13-1450	385	2053	1941	631	1940	
29-3509	14	24	2	7	39	
29-3508	22	7	26	68	
29-3503	51	14	24	2	
29-3502	39	7	4	2	120	59	14	
29-3501	679	4	7	528	22	
14-1609	0	63	11	86	167	
29-3507	14	24	47	2	7	122	109	
29-3506	22	7	2	120	341	
17-1881	2030	1368	37	495	32	578	481	323	
17-1880	79	321	455	249	380	202	82	32	495	88	409	37	33	130	376	117	147	93	
17-1883	79	335	321	661	381	380	202	82	32	37	33	336	130	376	117	
17-1882	33	80	37	88	32	49	916	224	71	1367	
17-1885	79	321	249	88	37	130	376	2034	2033	147	117	
2-100	66	25	738	
2-103	304	198	13	
17-1886	111	32	49	360	481	374	71	
17-1889	33	88	199	78	111	32	49	49	360	374	224	71	888	888	1854	397	
17-1888	1206	335	82	37	33	130	376	147	117	
14-1515	307	11	11	
26-3047	19	4	67	
26-3046	863	1	19	1196	285	315	
26-3045	19	4	1	1239	1240	492	
26-3044	19	20	4	
26-3043	67	4	19	
26-3042	19	4	2	2	67	1407	1406	
12-1285	29	0	63	762	63	
37-4462	5	3624	3623	3620	3619	3480	3481	2576	3482	3476	
29-3556	2	42	7	
26-3049	1238	1236	1237	659	1235	582	773	1233	1234	809	1186	810	
26-3048	774	19	366	246	
1-15	3128	3127	3124	2802	29	
1-14	0	63	31	133	31	0	29	
1-17	29	0	1185	446	1184	3650	0	
1-16	29	3653	5	
1-13	149	5	3129	1	
1-12	74	1111	3125	5	
12-1280	5	0	31	38	294	435	548	1008	29	
40-4726	2	174	253	
22-2710	1931	1932	1929	1930	1933	1934	2461	2460	2459	2458	2465	2464	2463	2462	2454	2453	2274	2275	
22-2711	2276	2277	2278	
22-2713	1	203	2281	2273	652	479	2804	2803	2805	1061	2807	2806	2809	2808	
22-2714	1	2811	2810	393	2620	675	2618	2619	2616	2617	1022	1022	74	2615	2621	2622	3357	3192	3191	3190	3189	3188	3187	3186	3185	3184	956	2994	2995	2996	2997	2990	2991	2992	2993	2988	2989	1705	
29-3552	22	7	20	2	1167	125	2	7	1166	
22-2716	1	698	393	479	1701	2480	2481	2652	2651	2730	74	2653	2735	2731	2739	2736	2648	2647	173	516	
22-2717	2141	2142	2046	2047	2048	173	1187	2146	2050	2051	2147	2148	2306	2305	
22-2718	698	2304	2303	2310	2309	2308	2307	2312	2311	1780	1781	1778	1779	1784	1565	1782	1783	1776	1777	1950	
22-2719	1949	1952	1951	1946	1945	1948	1947	1955	1954	
29-3553	22	7	20	85	3403	
40-4667	0	1023	233	3641	379	
3-193	28	247	95	139	
26-3006	110	58	20	19	
41-4826	3398	386	962	358	187	161	429	275	209	303	746	1165	1165	3395	2439	2440	2441	2442	2443	2444	
41-4825	317	1214	694	306	240	189	425	187	429	
41-4824	75	41	65	713	99	248	60	
41-4823	565	45	60	161	275	425	306	752	215	647	386	463	2082	728	358	517	416	434	1114	836	
41-4822	189	164	75	41	62	65	428	60	45	
41-4821	73	565	60	99	421	444	215	161	275	187	429	303	209	3402	3401	3397	3396	445	
41-4820	422	1093	73	161	429	348	692	
27-3227	3366	3363	3262	3361	2	3362	
27-3220	239	3370	3367	3368	
41-4828	188	178	41	65	713	214	99	60	
8-811	9	2766	687	
36-4367	70	55	234	
36-4361	55	70	4	
36-4368	181	3092	55	70	4	
28-3336	126	163	2426	
28-3335	126	352	2427	131	
28-3331	126	299	269	2423	
28-3330	4	897	435	2	1904	1905	2425	654	2424	
21-2597	0	3655	339	89	
21-2595	6	0	63	534	81	0	6	
21-2594	0	375	133	177	2399	242	177	0	6	89	
21-2593	0	63	31	0	6	
9-1049	12	61	34	
21-2591	10	6	390	
9-1029	12	61	34	
9-1028	0	12	34	1012	
21-2609	10	6	255	89	
9-1025	12	0	399	1844	506	1845	226	887	11	981	673	1841	251	
21-2669	50	3358	1141	
9-1027	44	61	0	1843	887	867	1849	193	251	
9-1026	0	399	1842	12	61	34	
21-2603	10	6	390	
21-2602	6	255	637	
9-1022	61	12	132	634	34	
11-1179	221	635	577	
41-4790	62	41	9	65	511	60	
41-4793	45	683	248	99	669	512	511	1003	745	346	3578	3570	3571	1283	1150	1151	1282	346	1281	1280	1286	1285	1284	312	639	
41-4792	164	188	178	75	41	9	65	214	99	60	45	73	
30-3754	27	4	23	
30-3755	1199	1614	1615	
30-3757	1619	1	27	
9-1041	12	102	34	
41-4794	216	65	214	512	41	178	511	
39-4664	118	906	1982	
39-4663	1068	3648	350	135	
39-4591	710	544	350	
39-4592	213	349	90	69	
39-4596	404	69	350	
39-4599	69	69	2150	749	
29-3379	24	26	562	2595	
29-3374	125	2	7	
29-3376	2	182	268	109	
29-3377	26	14	14	134	
29-3370	14	2	125	
29-3371	109	2	26	14	
29-3373	237	7	182	268	4	2	92	2596	
41-4760	75	41	62	9	65	45	73	
41-4761	508	745	346	1150	1151	41	
41-4763	317	348	1152	
41-4764	798	3382	3383	
41-4766	9	388	720	541	
41-4767	391	608	391	3394	
41-4768	75	62	41	508	746	3216	745	630	3217	3386	3215	3015	3384	3220	
41-4769	324	627	324	903	3221	3020	3019	3018	3017	3022	62	216	445	348	164	761	1092	1091	3021	316	
29-3518	7	20	14	59	
29-3519	342	42	300	84	7	39	
13-1400	57	160	151	
29-3510	7	2	26	1090	14	51	
29-3511	14	24	26	2	658	3012	
29-3513	22	84	291	300	
29-3514	524	3013	204	700	
29-3516	411	137	284	103	711	4	7	39	
13-1337	126	395	144	54	123	23	
13-1336	57	297	151	476	23	123	
13-1334	180	263	262	23	447	494	494	447	23	907	
13-1333	77	23	195	
13-1330	146	179	297	151	
13-1339	57	77	146	179	297	151	
13-1338	262	160	605	
34-4099	3459	83	3251	
34-4096	140	3245	190	3244	3603	320	
34-4097	3248	3594	403	
17-1894	335	625	202	32	37	147	117	93	361	
17-1895	33	37	71	
23-2821	4	904	1936	901	106	
17-1893	93	54	1855	37	199	32	49	
17-1890	79	625	660	661	455	381	249	202	82	32	495	88	37	80	33	117	93	147	93	
17-1891	33	80	37	88	199	111	32	49	360	578	
14-1560	11	308	0	
14-1567	2817	86	0	31	546	
26-3055	84	2	3499	2	19	
26-3056	19	2	562	3498	3503	206	3502	
26-3057	3347	1713	206	4	20	19	315	
26-3050	19	20	4	357	
26-3051	1	4	97	20	
37-4413	9	96	9	1127	3434	
26-3058	19	4	1	492	
26-3059	3348	4	19	
3-224	329	893	735	2636	2637	369	95	28	2410	
3-227	2412	219	139	427	
3-226	2409	28	618	
3-221	2633	2634	2631	
27-3265	554	21	18	
22-2729	1443	516	1446	1445	1448	1447	3581	
22-2728	16	1272	1273	1270	1271	1268	1269	1266	1267	1275	1276	1440	860	859	1439	1442	1441	1444	
22-2725	3223	3226	3225	407	352	1119	1029	2668	
22-2724	3229	1120	3224	
22-2727	1372	1371	2847	2846	
22-2726	2669	2770	2664	2665	2666	2667	2672	2673	1390	1386	3671	1221	3652	1374	
22-2721	1474	1099	1473	1472	1471	1468	1463	2219	1645	1644	1605	3291	1543	
22-2720	1489	1868	2892	1877	2873	2874	1863	1488	1481	1482	1475	
22-2723	3227	628	138	
22-2722	3284	3275	3596	3595	3274	3606	3607	1965	3170	3319	1974	2008	2325	1818	3439	1312	1311	3025	3026	3023	3024	3029	3030	3027	3028	3032	3033	3228	
35-4132	574	42	558	557	3411	
40-4696	2	1142	1224	1017	
40-4693	128	74	2959	
40-4692	30	279	1809	1	641	1808	2954	
40-4691	1	641	340	2559	2556	
18-2084	3	5	1108	
18-2083	3114	225	311	
6-524	2951	276	536	2945	
27-3211	239	21	18	
27-3210	619	21	18	
27-3212	3528	21	18	
8-803	9	5	889	2768	
8-800	5	9	1858	
8-801	1859	170	1857	
36-4313	4	70	55	85	27	
36-4312	42	2734	42	389	727	135	420	135	91	2	
36-4311	4	70	55	234	181	55	985	362	
36-4310	2733	4	27	
36-4317	27	4	70	55	
36-4315	85	5	2729	29	
18-2066	0	401	3	
18-2064	1	88	2771	3116	3	
18-2063	2934	2935	3	
18-2062	23	4	365	4	1	
18-2061	0	112	38	3	1083	
18-2069	0	38	54	3	
18-2068	3	16	48	
28-3324	1908	1909	1907	204	
28-3325	489	1029	5	
21-2589	10	6	89	165	
28-3322	192	1	667	
21-2585	0	194	1218	339	0	6	89	
21-2586	10	6	89	165	
28-3329	897	896	1910	
21-2582	0	63	1217	0	89	
9-1018	12	61	34	
9-1019	12	61	44	34	
21-2619	1	0	375	0	6	
21-2614	177	0	2081	586	0	170	170	2080	0	31	
21-2615	233	6	89	
21-2617	10	6	255	
21-2611	10	6	2067	
21-2612	5	0	923	
21-2613	256	0	6	89	177	242	
20-2405	3305	3310	1135	3308	
30-3768	640	2054	87	
30-3761	1096	266	27	
30-3762	469	1	23	
30-3767	2838	3	1	
40-4725	253	845	3447	
24-2893	1578	1579	3542	1582	1583	
39-4613	69	349	2655	
39-4617	544	2728	350	
10-1147	550	1	203	1995	143	
10-1140	0	775	443	2367	29	
23-2759	1	227	1	
28-3290	1	107	1	
34-4084	2201	140	116	139	54	140	
30-3741	27	1	1168	1760	474	1	229	
29-3348	14	24	2	264	78	92	125	
29-3699	14	26	42	
29-3698	2	183	51	
29-3693	175	1166	7	212	
29-3691	4	137	103	4	39	
29-3690	1912	709	2	
29-3696	39	7	2	68	
29-3695	76	2	440	211	
29-3694	39	7	2	183	
41-4759	41	75	312	
41-4758	1130	1129	742	186	12	714	358	757	1149	
41-4755	388	3286	9	3285	537	1298	549	
41-4757	62	41	9	312	45	73	
41-4756	73	45	60	248	99	444	215	9	752	
41-4751	62	41	75	9	65	73	
41-4750	62	75	41	65	45	73	
41-4752	62	41	65	45	
43-4919	289	3165	3166	302	302	
43-4914	3345	910	3338	3337	
43-4917	128	0	1183	233	
43-4911	133	101	3343	
43-4910	53	0	3341	3344	
32-3945	1104	228	394	
13-1327	179	297	406	502	
13-1320	29	287	1004	1005	2689	0	281	185	559	2687	0	762	
13-1321	179	160	151	
13-1322	2691	180	263	23	
13-1323	1	942	1	23	146	
13-1328	160	146	3	1	333	633	54	633	1	3	632	
23-2830	5	1	116	
2-32	66	1687	25	
33-4000	30	3280	283	1278	
2-36	2172	25	943	
14-1579	0	2813	2814	646	
21-2512	10	6	165	
37-4408	9	740	1177	
26-3060	19	20	4	23	3349	3350	3351	
26-3063	553	58	157	
26-3062	20	2	67	3353	
35-4141	0	432	375	339	63	920	2880	2879	1068	558	96	
26-3067	19	4	2	3178	67	3177	3172	3171	
26-3066	97	732	3175	
26-3069	4	20	19	
37-4404	9	96	740	96	9	
37-4405	96	9	1127	96	3282	
25-2964	46	2076	36	
37-4407	9	740	1177	
3-238	28	2406	2408	482	
3-237	480	259	28	
3-231	28	95	28	
14-1570	104	35	11	
22-2738	1	652	54	497	1559	2826	2825	2824	2823	2830	2829	2828	2827	2822	286	2821	
22-2739	172	2635	678	398	3487	2659	2638	2639	2640	
27-3113	2133	621	2136	2135	
44-4957	108	113	166	
27-3116	599	18	1590	286	1591	
22-2735	288	1902	548	1899	1900	1893	1894	1822	2092	928	2094	928	
29-3527	84	2	342	
29-3526	47	24	2	84	524	7	
29-3520	7	109	26	176	120	14	
29-3522	7	2	26	120	
21-2518	149	6	89	
29-3528	709	3009	3209	567	3208	
40-4688	405	1	124	2568	
40-4689	0	569	233	379	124	
7-669	325	1561	2	
40-4686	1	641	4	489	1009	
40-4687	405	1	124	501	332	941	
6-539	15	525	686	2757	
40-4682	1667	1668	2551	
18-2099	3	171	38	
18-2093	222	3	3115	
18-2091	0	1108	3	1083	
18-2096	535	1109	0	112	171	31	38	3	
18-2095	0	112	171	38	3	
27-3202	449	21	18	
27-3201	3533	555	21	18	
41-4801	215	1622	1621	1624	41	240	161	187	
41-4802	639	1623	595	1625	359	499	30	434	351	786	836	1115	787	1627	1626	1629	1628	
41-4805	164	188	216	41	541	720	2868	2869	2864	2865	2866	317	2867	2871	
41-4804	209	303	187	275	161	934	935	317	694	306	189	425	
41-4807	188	164	75	41	65	713	214	
41-4806	2872	694	240	189	306	425	209	
41-4809	188	530	41	65	428	45	565	422	1093	
41-4808	73	45	60	444	215	189	161	187	275	209	
34-4072	140	2037	2035	
36-4300	322	47	2	2544	
36-4301	2	2543	91	26	47	
36-4302	518	322	47	91	2	
36-4304	2542	2541	23	
36-4306	2732	203	1	
36-4307	27	1	369	203	
15-1709	2752	1850	1851	1087	1846	
35-4252	43	129	1466	3317	
2-78	66	25	503	
18-2075	2	88	3	220	
18-2077	3	16	48	
18-2071	0	171	38	54	3	
18-2073	0	112	3119	38	3	
8-839	9	64	5	0	5	
28-3311	1	192	601	
28-3313	2105	438	2104	31	0	2107	
28-3312	1	901	904	1604	
9-1003	12	132	505	61	34	
28-3314	1	469	149	287	1135	2106	
9-1001	1343	12	34	
34-4101	83	153	601	
28-3318	269	602	2102	172	
9-1009	12	61	61	34	
21-2620	6	0	924	0	27	6	
21-2622	10	6	637	
21-2627	156	156	2218	0	
34-4077	83	153	403	
30-3778	1067	5	2841	2843	
24-2887	1027	314	3522	
24-2884	1	192	1575	
36-4358	4	70	55	
27-3118	326	876	600	21	18	
24-2888	394	1	319	
24-2889	1	716	469	
27-3119	1593	326	72	
39-4601	431	656	69	
39-4603	404	589	190	
39-4604	431	90	69	2657	
18-1994	765	3293	3	2564	250	311	
35-4212	43	371	2896	2895	
22-2733	1571	2405	3183	1157	3387	1157	3562	3561	3560	3559	399	3566	3565	840	3564	3563	551	1143	3558	3	3557	1897	1898	1895	
10-1157	552	149	258	
5-464	137	0	1189	1190	143	755	125	
22-2736	2089	640	2091	
5-466	16	1244	1245	570	
9-1065	12	1536	34	301	
5-460	1576	156	252	638	100	
23-2749	707	172	678	620	707	3007	
5-463	156	252	100	0	1	
29-3689	105	24	47	78	4	413	
29-3680	51	2	42	2	
29-3681	2	26	134	
29-3683	7	2	105	51	
29-3684	42	2	7	
29-3686	14	24	2	
41-4742	3626	3625	3102	
17-1945	458	94	742	3006	3037	
17-1946	1040	2534	412	362	12	94	
41-4741	75	62	41	9	65	45	73	
41-4746	41	62	9	346	3101	346	
41-4744	348	1105	720	541	
17-1943	79	76	2724	400	222	714	
4-410	52	8	8	
43-4908	228	53	0	763	
43-4907	0	133	596	
43-4904	3507	3340	1179	3339	
14-1498	11	569	35	
32-3950	3097	31	3098	
14-1492	3198	11	197	197	
14-1494	0	81	0	86	3199	
40-4684	124	3035	332	
29-3354	2	92	3589	
29-3355	20	2	14	
29-3352	689	103	284	
14-1546	0	63	11	
29-3358	14	2	78	7	
26-3079	526	706	19	246	
26-3076	2980	2981	4	19	
26-3077	4	357	4	2	2986	
26-3075	19	4	67	2	4	384	
26-3072	4	149	86	3173	149	206	536	3180	3179	206	1	2982	492	1	110	245	
26-3073	2983	292	157	19	
26-3070	4	20	19	246	
26-3071	2	20	19	
3-209	259	28	327	
3-208	1601	1602	1596	1597	
3-203	480	259	1735	327	
3-202	892	427	1200	705	1734	219	573	139	1733	95	28	
3-200	990	398	1892	1732	
3-206	28	480	259	327	1600	
3-205	1736	870	835	28	
17-1879	130	33	37	32	360	916	578	487	481	374	224	71	
26-3102	19	4	3438	1020	440	3442	831	4	
29-3533	14	176	230	24	1154	2	221	
29-3530	22	97	4	137	
29-3531	1117	103	4	7	7	528	
29-3536	4	26	68	14	
29-3537	105	24	2	7	109	
26-3104	4	3464	1178	3468	1019	3203	774	
29-3535	221	755	3211	97	7	
29-3539	14	230	273	272	264	606	2	
38-4564	3371	3182	791	
13-1357	395	126	1972	492	1	3	127	57	
13-1424	3	23	195	
13-1422	57	77	3	23	195	502	
13-1353	144	123	23	151	160	179	484	146	
13-1420	3	23	2679	2678	1033	123	23	
22-2695	1174	3421	3420	3265	3266	3263	3264	3269	3270	3267	3268	3260	3261	3078	3077	3076	3075	3074	3073	
22-2694	1313	319	1864	3122	2323	3144	3147	3153	3159	3473	3601	3602	3417	3416	3419	3418	3414	3413	1024	3415	
22-2696	1052	3072	3071	3070	3069	2906	2907	2908	2909	2903	2904	2905	698	2901	2902	87	708	
22-2691	1650	1649	1	841	614	1651	840	839	1491	1492	2883	1490	2875	2787	1485	1486	1483	1484	1306	791	1305	1304	522	
22-2690	2354	1646	1461	2579	1647	
41-4818	422	73	60	99	421	3238	215	3239	3236	445	3237	3241	386	463	3242	936	3400	1153	3399	
41-4819	188	164	188	41	178	428	99	60	
41-4817	188	164	590	529	178	41	75	60	683	45	
41-4814	3040	961	3039	
41-4815	209	303	187	275	161	429	3044	306	240	927	3234	926	3512	1091	1092	761	3232	316	
22-2699	658	2711	2710	2713	2712	2715	88	2714	2717	2716	472	2527	2528	802	2526	1	516	670	
41-4813	189	425	306	801	3042	421	512	669	386	463	3041	816	351	843	
41-4810	248	60	3043	752	692	161	275	187	
41-4811	189	164	188	41	178	65	428	214	99	60	45	
44-4950	113	166	2093	
36-4339	4	70	181	234	234	55	345	91	2	540	
36-4338	1061	344	4	
41-4772	712	240	189	275	161	187	348	1105	692	1152	2835	801	530	216	2837	529	
36-4335	135	91	2	1	203	2925	1	
36-4334	91	135	420	2923	
36-4337	1	2924	369	203	
36-4331	412	2922	85	29	
36-4332	55	305	344	
15-1738	2701	2700	2706	1086	2705	2704	2703	2708	2707	2513	2514	979	2515	2516	2517	
34-4061	83	153	140	116	296	116	140	
35-4249	1140	814	3316	
35-4246	43	85	1142	
35-4241	1205	163	9	
35-4242	67	43	129	27	4	340	
18-2041	765	1050	2749	
18-2040	0	112	38	3	
8-822	5	64	9	261	
18-2042	1050	534	31	112	
8-824	5	64	9	2772	
8-828	0	688	261	
18-2048	0	112	31	38	3	
9-1072	12	132	102	34	
21-2637	1356	723	0	766	766	6	343	
9-1070	76	520	400	53	12	855	34	
9-1076	0	1539	506	1321	
9-1077	1320	12	34	
28-3308	126	1607	473	1608	
9-1075	822	12	44	356	
28-3307	1	685	256	148	5	988	1606	
9-1078	44	12	34	356	
22-2745	1	1	1088	37	296	
22-2741	288	3197	3196	3322	3320	3324	718	1074	3323	
29-3483	176	2	342	53	109	
22-2740	2671	3034	3154	1116	3193	3195	3194	
34-4065	1497	1496	1495	1500	387	83	
34-4064	793	576	793	554	1318	1498	
39-4634	118	1002	337	
39-4637	410	90	545	
39-4630	597	69	668	2482	
39-4632	2491	414	337	
29-3644	20	47	274	
29-3645	24	2	686	182	7	
29-3640	14	744	7	205	
29-3642	14	24	1	
3-181	219	573	139	
29-3463	92	1026	2	122	22	
40-4712	1505	1504	2	819	174	
29-3500	109	97	4	103	365	137	284	3011	
29-3469	22	122	237	7	2	26	119	120	134	274	341	
14-1489	11	0	86	
14-1483	11	308	0	
14-1487	0	3327	0	
14-1552	363	1089	0	0	
2-51	66	25	2693	
14-1550	35	11	0	
26-3009	5	58	20	
3-212	1598	1599	472	1595	289	589	28	
3-213	1438	1437	1436	1435	1434	288	1433	
26-3003	781	418	4	19	366	246	1253	
26-3002	19	4	1257	357	
26-3001	110	58	19	
26-3000	19	58	367	
26-3007	1195	58	157	19	315	
3-219	2628	870	835	2629	28	
26-3005	1254	1422	1421	1424	
33-3980	30	0	30	564	
33-3989	0	309	1825	
41-4791	73	45	60	248	3574	215	161	187	303	209	3575	746	3576	3577	317	316	
26-2997	110	58	19	366	315	
26-2994	4	29	282	3526	3525	3524	902	86	282	282	29	206	3523	
26-2995	1195	58	19	
26-2992	2	4	157	19	
26-2993	1146	3373	744	182	19	3372	1196	
41-4797	590	216	41	178	75	62	9	1457	391	
26-2991	19	157	3375	357	440	4	
41-4799	45	73	60	99	421	444	1455	712	189	359	499	513	416	434	1456	351	816	1454	513	728	933	1452	1453	463	386	647	
41-4798	164	75	41	62	178	312	214	
26-2998	19	110	367	
26-2999	110	58	19	1256	572	780	1255	285	
38-4513	53	5	603	0	
34-4081	140	139	2204	474	116	2203	592	
34-4080	139	2209	265	2208	
38-4519	53	5	0	
34-4085	277	140	265	333	
17-1884	37	199	32	49	2027	2026	397	
17-1887	94	71	323	
37-4420	1	3435	4	
37-4426	670	473	1	324	
37-4425	88	706	717	3433	1053	3430	3431	3429	717	706	84	1	1176	
37-4428	9	62	2	345	3621	
44-4937	1018	30	1221	2099	
44-4934	108	166	2243	91	
44-4935	108	2242	2241	
44-4933	113	964	648	
36-4329	4	70	55	85	
36-4287	47	2	2372	2373	
36-4323	701	420	135	91	2	
36-4320	27	70	4	55	
36-4321	181	3475	4	
36-4327	1078	1078	1	456	
36-4324	2	91	135	420	
36-4325	701	135	345	55	181	55	70	4	
31-3797	921	509	594	302	827	2452	2451	
31-3796	2763	1031	2674	2449	5	
31-3795	5	29	235	
31-3794	76	5	29	1138	235	
31-3793	400	5	423	76	
31-3791	400	16	5	29	235	
31-3790	235	0	5	121	
31-3798	2450	283	996	509	299	235	
35-4278	2	92	557	
35-4275	107	3131	43	
5-488	107	143	755	1190	107	
5-487	364	100	638	
5-486	0	339	478	
5-483	1187	364	193	100	
5-480	107	751	0	100	364	
18-2056	3	163	16	
18-2057	535	5	614	136	3	703	
18-2054	3	16	114	
18-2052	3	163	2933	
18-2050	3	16	48	
18-2051	0	112	31	671	
9-1060	12	132	102	34	538	
5-467	156	585	0	293	
9-1062	12	34	356	
21-2647	50	2180	1	6	637	
9-1064	12	132	102	61	44	34	
9-1067	12	102	34	
5-462	53	244	3511	244	186	61	1392	
9-1069	12	132	34	1538	
21-2649	0	50	2181	
5-469	571	1246	1247	
21-2484	177	6	343	
21-2487	0	477	477	6	
17-1916	79	82	32	
21-2483	6	0	63	3294	0	177	242	
21-2482	10	6	241	
21-2489	10	6	165	
30-3715	27	1	143	
30-3716	222	667	0	29	206	536	217	
30-3717	27	229	1	
30-3718	310	203	54	
30-3719	1920	4	243	27	229	1921	
15-1726	2365	2364	2189	
19-2324	609	412	486	
37-4463	76	3477	3478	3479	
39-4628	410	69	668	
35-4187	155	557	17	
35-4185	85	442	17	2011	
35-4184	347	1030	2252	156	2176	0	63	432	163	2175	2010	
35-4188	402	129	2009	2014	278	43	129	
23-2766	1	1993	1992	
32-3920	3614	3613	3616	1161	
27-3130	21	223	2185	18	326	21	
39-4578	213	545	90	69	
39-4576	213	431	90	69	3140	
39-4574	3302	544	350	
39-4575	213	90	69	
39-4573	431	90	69	
39-4571	213	90	1774	
35-4223	3	2955	2956	311	2503	1	158	
27-3134	619	21	18	
22-2715	948	2484	1704	909	860	859	1703	1699	
4-349	0	8	52	
9-1007	30	12	44	61	102	34	
13-1379	1710	863	80	
13-1378	57	636	77	328	80	126	1709	54	483	
13-1373	127	3	1	2	13	
13-1372	1711	232	3	127	159	
13-1371	77	127	232	612	865	613	
13-1370	2321	23	3	
13-1376	23	3	127	159	
13-1374	57	159	3	195	
26-3033	2	4	19	
9-1000	519	505	44	61	102	12	170	16	1344	
26-3030	163	4	20	19	
2-45	408	198	13	
26-3018	110	157	19	315	
26-3019	19	58	110	367	2589	
3-263	259	2227	28	
26-3010	58	110	1419	
26-3011	110	58	19	182	1418	1146	572	285	
26-3012	19	58	110	367	1420	110	58	157	19	
26-3014	19	58	110	1426	367	
26-3015	110	58	20	19	780	572	285	2587	246	315	
26-3016	157	58	110	
34-4067	83	153	591	
33-4047	0	30	396	
41-4788	422	73	45	565	60	99	444	215	712	
41-4786	216	925	530	529	188	240	
41-4787	62	75	41	772	312	214	99	45	
41-4784	178	75	41	62	9	65	214	60	45	
41-4785	73	65	639	595	821	2083	938	499	351	757	
41-4782	1132	2154	358	936	933	2152	2153	499	2156	938	2235	962	2237	2236	2239	2238	647	2240	2234	961	2087	2088	2085	
41-4783	164	541	2086	2084	927	926	
41-4780	351	359	62	
41-4781	209	306	934	935	317	240	316	
38-4505	0	170	1203	3569	
38-4509	550	95	286	
6-564	53	552	3335	
27-3259	589	286	3515	1752	872	
27-3257	555	21	18	
18-2115	1388	802	3298	771	3299	
18-2110	0	1385	31	3	
31-3787	84	1	124	
8-972	236	2391	2390	
5-498	365	103	0	
6-589	15	769	770	
5-496	156	0	584	
18-2021	2747	1049	172	
18-2027	3	16	114	
18-2026	0	31	3	2746	152	
5-476	107	0	101	
21-2652	2184	254	0	254	947	254	
5-475	0	100	1250	
21-2654	2326	504	0	
5-470	173	0	101	1248	
5-471	0	100	585	
9-1055	30	12	1696	
9-1056	12	61	34	
9-1057	29	0	506	1535	256	16	170	218	170	53	391	1534	1537	
9-1051	102	34	301	
5-478	0	100	0	58	0	874	252	
9-1053	2	143	385	0	12	34	
21-2491	10	6	543	
21-2497	10	6	165	
21-2494	6	1110	241	
21-2495	10	6	1530	
21-2499	10	6	390	
30-3729	450	1	23	4	229	27	1754	
30-3725	1	27	229	
30-3724	450	1755	1	229	
30-3726	1	106	4	229	27	
30-3721	27	1	106	1757	1118	873	84	173	1756	
30-3722	106	1	27	
35-4267	13	2	965	3645	3130	
35-4262	3313	3309	922	1449	724	353	2	17	
35-4260	184	17	3311	
35-4261	43	664	3314	
35-4190	17	371	129	148	2015	2012	
35-4191	3	225	944	2013	225	1	2	17	
35-4192	155	43	371	43	914	148	2007	85	857	278	402	129	
35-4193	347	282	2727	2725	17	
35-4194	17	173	2260	
35-4196	553	23	3068	2718	494	4	
35-4197	1039	3038	1039	157	2	289	977	
44-4954	2	606	2585	
17-1913	580	580	2939	1572	
17-1912	12	2861	811	725	1163	1789	624	1794	
17-1911	580	1414	94	
17-1910	1856	800	433	1387	1373	1397	
35-4178	2	17	1170	515	
17-1915	33	80	54	49	
17-1914	79	82	32	37	33	
17-1919	79	82	32	37	33	147	
17-1918	117	33	80	54	106	32	49	
13-1386	57	146	297	160	151	
42-4834	645	2607	40	
42-4837	40	1021	150	
42-4839	91	84	2608	2612	
42-4838	40	2610	1174	3412	47	91	2609	
4-352	0	1722	867	8	
13-1368	180	1	54	493	
13-1369	2322	1	3	127	
13-1361	3	195	23	1	116	
13-1362	2155	116	80	937	2319	937	80	144	95	2318	2317	95	1	2316	2315	151	406	
13-1363	23	3	507	3151	
13-1364	970	77	77	3	23	
13-1365	180	263	969	
13-1366	160	179	484	146	605	
13-1367	57	297	151	
29-3498	300	690	4	680	4	7	
29-3495	510	14	120	24	
29-3494	22	300	2	26	1090	68	59	51	
29-3497	3010	7	268	20	1	300	353	527	291	291	
29-3496	2	168	2	7	
29-3490	24	26	273	272	264	2	
29-3493	14	24	47	2	78	273	272	2	7	109	39	
29-3492	2831	26	176	119	59	
29-3707	200	7	2	1917	4	211	
29-3657	2120	2119	2	7	318	
29-3656	212	20	2	14	
29-3654	26	2	273	272	42	182	
29-3653	212	26	14	105	134	
29-3652	2117	24	7	
29-3651	20	2	120	
29-3477	691	24	2	
29-3476	1026	238	2	1064	
29-3475	208	14	274	24	2	92	
29-3474	7	39	20	2	26	119	14	59	51	
29-3473	708	1	84	7	200	
29-3472	7	4	1	470	
29-3471	24	26	2	2	7	2832	175	
29-3470	691	14	24	47	2	125	92	
29-3479	14	208	176	26	2	92	2	20	182	
29-3478	7	2	26	119	120	59	134	51	
14-1595	0	104	35	424	
3-273	219	95	259	
3-268	2226	957	2224	2225	
38-4539	2862	1203	2863	
38-4535	0	1478	31	
26-3017	1017	2588	58	157	19	
27-3249	21	619	21	18	
27-3242	588	3516	334	21	18	
27-3243	642	3519	21	
27-3244	3518	3521	587	
26-3025	4	20	19	285	
26-3027	4	19	366	
26-3026	2592	19	20	58	2593	110	245	1	4	418	2401	
12-1303	2340	217	0	63	561	281	185	133	313	0	31	737	
12-1302	975	561	0	133	185	281	193	
26-3029	67	665	665	67	2	2783	
43-4920	228	0	31	302	
8-767	5	9	1819	
8-766	4	67	1821	
8-765	9	622	67	
18-2100	3	250	228	314	
18-2102	3112	1106	1106	2683	3355	3297	225	152	
8-780	1861	5	9	
8-788	5	0	514	85	9	
6-603	15	448	1230	
7-683	460	4	384	
7-684	4	459	1393	
18-2038	0	112	171	38	3	
18-2030	2745	38	168	2744	168	1	3	
18-2032	1	854	685	2743	282	1033	3	
18-2036	1048	3	152	
5-441	293	0	226	193	401	101	0	293	
5-447	808	584	252	194	100	101	
5-446	0	293	107	
5-445	0	194	101	226	100	194	100	
9-1043	12	44	1690	34	
5-449	107	58	58	
21-2666	50	81	375	156	50	
9-1047	12	132	34	
21-2660	254	177	242	
9-1045	17	1689	622	94	132	519	634	102	34	
21-2469	6	0	177	242	
21-2467	10	6	162	
21-2465	10	6	695	
21-2463	10	6	162	
30-3739	27	1	54	1	
30-3732	84	873	54	1	27	
30-3733	53	5	206	27	
30-3731	27	4	23	1753	23	27	
19-2308	142	2314	866	
35-4213	2891	86	2890	458	17	2698	
21-2672	0	2350	156	
35-4211	353	2	17	1072	
35-4217	17	1036	2962	
35-4216	0	432	67	17	2699	
35-4215	43	402	129	9	17	515	
8-940	5	569	514	401	
21-2677	254	947	946	504	0	924	375	31	50	
37-4444	29	5	1126	
35-4147	267	2878	17	823	1542	244	
35-4145	43	155	17	2876	
21-2514	10	6	241	
35-4143	566	17	1171	
35-4142	2881	1	2	13	17	267	
21-2511	10	6	89	
35-4140	267	155	43	347	42	558	158	2353	2042	158	42	
21-2519	6	0	3113	31	0	6	255	
35-4148	0	313	256	9	
21-2683	50	1139	2348	
44-4940	2	145	115	
17-1900	1852	37	409	88	199	111	32	49	
17-1901	79	625	321	660	249	380	202	32	33	
17-1902	84	84	71	624	
17-1903	33	80	37	199	495	111	32	49	
17-1904	79	82	32	37	80	33	147	
34-4105	3049	592	3050	3647	951	
17-1906	79	82	32	80	33	130	361	
17-1907	33	80	32	49	224	
17-1908	82	37	80	33	93	93	
17-1909	626	626	626	33	80	37	42	71	
31-3841	1031	3550	3553	
42-4829	2446	1129	2447	1130	30	451	434	416	416	513	517	30	359	216	62	925	530	529	590	2448	
13-1355	179	297	151	
34-4063	153	320	277	
13-1425	23	1	2682	2681	
13-1356	875	180	263	23	1	1971	1970	493	
13-1351	144	80	328	
13-1350	57	146	179	160	
14-1459	207	3448	86	902	282	282	11	
13-1352	57	77	3	23	195	23	123	
14-1455	197	11	0	
13-1359	2066	604	3303	475	1136	333	296	743	2068	54	1	3	879	77	636	57	632	
13-1358	1969	1968	283	1967	1966	2065	
13-1428	77	3	23	195	
2-170	66	78	25	
17-1838	71	850	1680	
17-1834	593	31	94	71	71	
17-1835	30	279	579	279	1524	465	323	
17-1830	2004	2003	915	910	2002	
17-1831	1997	1996	1522	
8-950	5	30	279	236	
29-3488	59	14	120	24	2	84	1	265	300	
29-3489	22	7	2	26	51	
17-1865	130	33	37	168	49	2369	
29-3482	109	39	7	2	208	59	14	51	
2-68	537	25	503	
29-3481	24	238	2	
29-3486	230	24	47	2	92	7	
29-3487	122	39	7	182	26	68	51	59	14	
18-1968	2531	3	2532	1350	172	
29-3649	39	7	2	547	2	280	1462	2118	
18-1963	0	31	671	
18-1962	3	16	48	
29-3646	4	689	365	2976	137	
29-3647	284	4	7	
18-1967	1	54	3	
34-4069	1499	320	277	
18-1965	5	1	3	
18-1964	3	16	48	
29-3464	39	7	20	2	119	120	14	51	
29-3465	14	230	1001	68	119	176	2	7	39	175	231	
29-3466	22	22	109	7	2	26	119	
29-3467	51	59	14	
29-3461	22	7	20	2	119	208	120	14	
29-3462	51	59	14	24	68	26	2	
3-248	922	28	2056	620	2058	2057	
29-3468	176	26	2	78	273	272	940	264	2	7	528	200	237	22	
3-242	2404	1155	95	
3-240	329	899	28	
38-4522	3547	719	1643	
14-1672	104	101	35	295	
14-1670	270	35	11	
41-4740	73	45	216	445	9	316	
21-2599	0	1143	596	6	
12-1313	29	0	2344	1540	245	63	1541	185	331	808	353	1	123	3273	1544	
12-1310	975	0	559	185	2342	4	411	2341	
26-3031	19	385	107	1056	2782	2781	526	108	2	67	
26-3036	807	1409	1411	1410	1057	
12-1317	0	5	222	186	30	
26-3034	1057	2785	2784	2777	1054	582	1408	
12-1315	0	222	0	185	193	294	551	3315	1527	3213	233	
26-3038	4	357	4	2	67	
26-3039	2	2	19	
29-3613	1288	205	7	20	2	221	
18-2139	2169	2383	3	
18-2138	250	172	3295	
8-772	9	76	5	
8-773	5	9	608	
8-776	5	9	261	
18-2136	38	136	54	3	
27-3187	805	3378	3379	21	18	
27-3182	18	334	223	
36-4392	4	672	532	4	
36-4391	1126	841	5	163	0	29	
36-4397	2	91	47	1128	
36-4396	47	91	2	
36-4395	2	91	47	3279	1128	
36-4394	55	234	55	70	3276	440	4	27	
21-2607	674	339	375	31	2069	0	6	
21-2605	10	6	390	
18-2005	1	2	210	2562	
18-2007	0	38	3	
18-2001	0	38	3	
18-2003	0	112	171	38	3	
18-2002	3	16	114	
9-1021	132	12	102	61	301	
18-2009	0	112	171	38	3	152	
18-2008	3	16	48	
11-1184	560	441	3325	
5-459	291	1	470	143	
5-454	1581	107	0	101	0	107	
5-456	194	101	252	
5-457	0	252	101	100	401	0	2	125	832	
5-450	385	0	585	100	194	101	586	0	107	
5-451	293	0	0	
21-2479	10	6	241	
21-2476	0	6	162	
21-2477	10	6	162	
21-2470	242	177	0	6	89	
19-2313	3441	2324	1080	
19-2314	136	973	722	362	
35-4200	17	43	0	504	504	254	1836	1835	0	43	371	
35-4201	393	1076	170	828	920	1076	158	17	750	
35-4202	17	3301	267	
35-4203	17	129	3031	914	
35-4204	3240	67	17	
35-4205	17	43	1122	
35-4206	124	2764	3272	3201	67	17	
35-4208	155	43	129	849	3212	
35-4209	148	1070	883	1069	2893	1071	2894	43	129	
28-3342	126	489	2248	
28-3344	126	2250	2251	
29-3557	47	78	2	7	
21-2504	10	6	3110	
35-4155	2696	2697	2952	347	
35-4156	2953	885	884	883	168	1051	
35-4150	42	2694	0	
21-2502	10	6	704	
21-2509	10	6	89	
30-3751	1618	702	461	4	27	
17-1938	433	714	279	1044	1044	94	71	
17-1935	107	399	664	0	94	
17-1934	82	32	37	
17-1937	433	12	94	71	624	
17-1930	37	32	49	
17-1933	82	32	606	3292	715	2720	
31-3853	76	423	3548	298	
42-4859	40	2973	210	355	
42-4858	40	131	2966	131	
42-4852	40	0	31	443	2052	2968	
13-1434	2851	1	2852	1	3	77	
13-1343	1653	842	1652	
13-1436	1	23	2854	23	2855	
13-1437	1413	395	144	1	636	77	2857	1592	3	
13-1430	2850	23	3	
13-1431	77	23	476	502	
13-1344	57	77	604	475	1786	333	877	878	483	879	
13-1348	77	3	23	195	
13-1349	406	151	160	179	484	146	57	159	
13-1438	5	1	1594	
13-1439	667	5	204	0	997	
35-4154	1743	1201	1865	558	17	
41-4737	75	62	41	60	45	
44-4930	91	649	2245	113	
29-3670	205	318	172	2116	1117	211	
29-3672	4	2115	2	0	2112	4	995	
29-3675	212	7	0	364	0	2111	
18-1975	0	171	38	3	
29-3677	4	76	1914	76	4	211	
18-1977	0	112	38	3	
29-3451	14	59	24	2	7	109	231	22	
29-3450	14	230	2645	24	47	2	92	125	2643	7	
29-3453	51	134	119	26	2646	7	205	
29-3452	22	7	20	2	26	120	
29-3455	284	4	97	7	175	231	
29-3454	22	39	7	120	59	
29-3459	205	109	175	231	
41-4733	73	45	65	62	41	9	
3-252	2062	219	95	259	
3-253	427	369	95	28	
41-4730	75	312	65	60	45	73	
29-3583	51	2	97	
29-3582	22	7	231	20	
29-3581	24	2	7	
33-4018	1658	1656	30	
29-3587	22	39	7	97	4	536	3582	1953	3584	3583	
29-3584	7	2	14	134	
33-4012	30	1657	172	0	
29-3589	4	3587	7	
29-3588	1772	3585	567	
14-1663	270	270	35	
35-4165	4	1833	1139	2977	43	
29-3545	1145	7	212	4	413	137	411	4	1	1168	3406	
27-3281	239	448	18	21	
18-2127	0	31	38	3	152	
18-2129	0	171	38	3	
29-3541	51	105	59	230	24	2	7	
29-3540	7	39	2	208	59	
27-3192	21	1147	1148	
27-3193	223	18	72	1148	21	
36-4384	55	70	4	532	532	305	
36-4386	181	234	70	4	
19-2256	3567	142	370	290	
19-2259	218	43	479	
29-3548	7	20	14	51	
8-891	5	0	81	
18-2013	2563	190	1	2569	3	
18-2016	0	171	38	
8-894	283	956	9	260	
21-2449	1082	1	4	27	6	2926	
21-2448	6	27	2936	1082	
35-4149	978	9	17	
20-2360	734	644	310	955	
20-2365	1188	2737	292	
20-2364	702	729	2742	
21-2441	10	6	704	
21-2443	10	6	162	
21-2445	10	6	162	
44-4924	3164	108	166	
21-2447	10	6	241	
35-4239	3356	657	17	566	
5-518	4	226	365	211	
35-4235	43	402	129	1204	2505	571	
35-4237	885	884	2510	2345	
5-516	58	488	0	775	
35-4231	2507	2506	2	
5-512	101	53	1243	
36-4340	91	47	518	135	420	135	67	622	186	3085	3086	186	12	27	
36-4341	2	518	2006	
5-474	156	1249	101	
35-4161	184	17	886	267	
35-4163	1838	1834	43	17	
35-4162	17	124	1839	43	
21-2535	10	6	165	
35-4167	267	64	739	2987	1695	362	857	340	858	1698	
21-2536	6	0	31	674	534	
35-4169	1700	1702	1677	849	823	
9-1058	595	12	102	856	822	
29-3532	22	2	26	68	51	
26-3103	246	19	4	418	
9-1087	102	44	34	
9-1085	44	102	34	1322	
26-3101	4	19	366	
17-1928	82	32	33	
17-1929	94	94	12	739	225	
17-1922	33	37	199	210	
17-1923	796	71	94	12	811	725	12	
17-1920	33	37	32	49	71	
17-1921	79	82	32	37	80	93	93	
17-1926	199	111	32	49	32	
17-1925	32	37	80	80	33	
31-3862	3390	3391	1162	
31-3866	76	121	29	
42-4842	40	131	682	
13-1401	180	263	151	160	484	146	632	
32-3933	848	1160	3611	
13-1403	613	2836	232	3	127	
13-1402	146	179	23	123	144	1	10	
13-1405	328	864	2834	57	
13-1404	57	3	23	
13-1406	57	3	232	612	865	613	
13-1409	23	172	1355	172	3	
14-1474	11	0	167	
29-3666	528	7	4	211	4	
29-3667	4	211	680	4	
29-3665	4	137	2113	4	
29-3663	274	272	78	42	2	
29-3661	22	7	547	
29-3448	51	68	119	26	2	1025	527	
29-3449	22	109	7	2	119	59	14	51	
29-3446	291	1	4	137	2642	689	679	680	2644	97	7	39	175	
29-3447	22	2	26	208	59	
29-3444	14	24	134	2	39	231	
29-3445	22	39	231	20	84	353	1025	
29-3442	238	7	205	
29-3440	237	7	2	26	119	51	59	
29-3590	2	26	176	691	105	
29-3591	14	24	3586	
29-3592	120	2	7	788	
29-3594	14	24	183	2	42	
29-3598	105	51	14	7	318	
13-1342	57	77	3	23	195	180	
13-1435	144	2853	5	377	
14-1657	11	104	104	
14-1659	270	270	11	
13-1346	57	3	23	195	
13-1347	3	23	476	
38-4473	0	1223	1223	204	3677	3676	
38-4476	611	3674	218	
18-2156	496	148	1509	3	
25-2917	207	383	5	1727	
25-2910	617	1725	0	233	
29-3549	105	3404	24	274	125	7	3405	
22-2746	707	172	1116	678	
27-3165	326	21	18	
22-2744	2222	3000	3001	2998	2999	
22-2743	37	1	652	
27-3162	588	223	812	18	21	
27-3161	1220	462	1430	2	806	1431	820	
27-3160	785	1261	18	21	
21-2577	766	0	0	5	3659	
21-2576	0	6	695	
19-2247	1555	1556	136	
37-4434	9	388	189	
8-888	9	2387	4	960	0	
21-2456	10	6	241	
21-2457	162	6	6	0	31	313	133	874	251	2833	
21-2454	10	6	6	89	
5-439	638	194	107	
36-4285	29	2376	986	
36-4284	55	70	2375	
21-2450	10	6	165	
21-2451	148	477	6	
35-4129	17	758	1204	340	615	
44-4938	108	113	2859	
21-2578	6	27	1	
20-2379	734	644	2554	
41-4812	41	178	9	65	428	214	99	
35-4228	53	186	30	96	
35-4229	17	9	16	2501	158	
5-509	143	0	364	
35-4222	0	957	319	2961	2958	346	17	
5-507	0	478	778	226	
35-4220	2963	313	0	2	
5-505	101	776	1242	245	
35-4227	17	129	1172	
35-4224	184	17	1169	750	
30-3783	269	4	27	
30-3782	143	472	393	1030	1	
30-3781	2769	296	27	
30-3780	1067	278	891	2845	722	85	1	2844	87	
18-2207	0	3	250	
18-2201	3	16	114	
18-2200	31	38	3	
21-2528	196	85	1533	6	89	
35-4179	17	129	43	43	2400	
21-2526	10	6	89	
35-4177	184	1006	17	
21-2524	10	6	165	
35-4175	17	43	148	
29-3674	105	26	2	92	
18-1976	3	16	114	
3-258	2064	895	2063	427	2228	2229	
42-4875	84	40	150	40	84	131	
24-2878	1	716	631	
42-4870	40	607	853	
42-4873	40	1212	2975	
24-2870	2	278	1716	1715	
24-2876	53	1717	1723	
17-1863	335	82	32	79	
17-1862	336	372	33	37	
17-1861	79	202	82	32	111	33	33	130	361	93	
17-1860	336	372	33	37	32	49	487	71	
17-1867	37	409	32	49	224	984	
17-1866	79	1206	202	82	3588	80	130	
13-1418	2675	1032	3	23	2680	
13-1419	23	3	127	159	
13-1417	77	2677	1032	2676	
13-1414	969	23	1	
17-1868	71	374	49	37	33	336	373	147	643	117	147	
13-1413	77	57	328	395	144	1352	123	23	262	
13-1410	57	77	127	3	262	23	
13-1411	23	123	144	395	126	54	456	160	1065	
10-1126	123	3271	1	550	
10-1125	779	0	443	436	29	1124	
10-1123	779	258	3485	
18-1952	3	16	48	
18-1953	2429	3474	1	
29-3610	14	2	2	92	
29-3617	7	2	26	68	183	105	
29-3616	24	2	182	
29-3615	7	200	122	2	68	14	
29-3614	417	2	20	205	
29-3618	14	24	2	221	
29-3439	24	1001	26	2	92	732	7	205	
29-3438	2	119	68	59	14	14	
29-3433	175	39	7	4	0	100	194	226	101	446	2475	764	
29-3431	24	68	26	2	2	78	264	7	39	109	
29-3430	59	14	24	341	26	2	
29-3437	24	26	2	238	7	39	
29-3436	20	2	26	119	59	14	
29-3435	470	7	39	22	
29-3434	22	122	39	7	84	690	527	
12-1279	466	467	3057	16	186	3087	
41-4739	75	41	9	60	45	73	
12-1275	0	193	0	31	737	0	
41-4736	75	62	41	9	65	60	45	73	
12-1277	86	0	31	2540	1096	
12-1271	254	1531	1532	466	467	3252	
12-1270	29	0	31	
12-1273	435	0	16	31	435	548	467	3612	466	
12-1272	29	0	31	38	16	0	133	193	226	3253	31	435	3249	3250	
14-1467	11	11	167	
14-1460	330	11	86	
12-1297	232	149	467	
12-1296	288	2496	2497	
12-1295	1004	1005	244	2495	244	16	1042	0	38	63	294	281	185	313	0	29	548	29	287	
29-3544	547	125	3204	417	2	
29-3543	22	39	3210	238	125	
12-1292	217	0	313	282	1252	3450	31	193	559	185	281	
12-1291	193	63	0	185	281	193	133	561	313	149	
12-1290	217	3422	0	31	559	185	281	278	749	3449	
12-1299	185	281	1198	2	96	2498	
12-1298	29	762	1215	217	
14-1649	11	2623	270	
14-1641	197	35	197	81	
2-111	25	3259	3254	
17-1897	409	32	49	
34-4095	83	153	140	601	3246	
17-1892	335	321	381	249	380	202	32	37	361	
18-2143	0	3162	112	3	
18-2144	3	16	114	
18-2145	535	3156	0	38	3	
18-2147	1	2	1180	2388	3457	3453	
25-2901	207	1585	36	
43-4888	228	0	101	251	294	
43-4881	40	2776	150	
43-4886	53	0	251	251	
43-4884	222	53	0	1218	
44-4927	108	166	731	
27-3175	1427	448	471	21	
27-3170	140	1429	813	587	736	
27-3172	18	326	21	
19-2277	542	3107	722	
19-2270	3105	106	3104	
44-4943	355	124	78	648	
8-854	687	64	5	
44-4941	1102	108	731	
8-856	236	9	64	
44-4947	2	649	2095	2096	2097	
36-4298	2545	1182	280	447	672	4	
36-4299	2	91	562	47	
36-4296	27	2547	27	
44-4948	113	2098	1820	
36-4290	1182	280	4	
36-4291	4	70	55	2371	456	203	407	1	
25-2979	46	31	2079	36	
20-2347	56	2384	3207	
11-1220	523	577	464	3318	
11-1227	2722	1084	87	
18-2217	3	2183	1379	2188	3329	
18-2218	2196	256	220	
21-2558	10	6	543	
21-2553	196	128	74	128	27	6	255	
16-1787	383	952	953	743	54	
16-1786	1101	531	2211	
21-2555	1684	27	6	5	
21-2554	10	6	6	27	1681	192	1685	192	
8-823	64	76	5	
18-2045	614	136	3	
34-4119	1	474	296	
31-3808	423	2264	2265	2969	
31-3804	235	29	298	
24-2868	615	615	4	266	
42-4867	40	2	128	74	128	1	131	
42-4864	286	872	40	2972	
24-2862	204	3062	980	1	
42-4869	1049	2970	40	150	
24-2864	243	1213	1000	
13-1399	23	3	127	
17-1871	747	795	850	465	323	397	
17-1872	79	661	37	33	130	117	147	93	
17-1873	372	33	37	32	49	
17-1874	79	202	82	32	37	80	33	643	117	147	
17-1875	117	373	130	851	372	33	37	409	32	49	984	2374	
34-4076	265	139	2038	116	
17-1877	33	37	2195	
17-1878	79	660	455	381	249	202	82	32	199	372	336	130	376	147	643	117	2386	93	
13-1390	23	3	159	
13-1393	5	3	127	
13-1392	57	3	5	799	
13-1395	262	180	263	875	1	493	493	
13-1394	57	77	3	23	
13-1397	77	127	23	262	
10-1135	1	1	95	
10-1136	2627	441	560	10	
10-1137	2	570	16	85	461	
10-1130	447	4	0	443	436	
10-1132	1225	62	772	
10-1138	1014	5	163	1103	1124	
10-1139	658	88	2	2368	3	507	311	983	
21-2633	10	6	543	
29-3600	20	208	341	183	14	
29-3601	105	510	24	1294	2	42	574	7	205	200	
29-3603	24	26	2	4	1290	137	103	655	1291	103	4	7	
29-3604	2	78	273	272	268	744	
29-3607	24	47	4	411	1292	284	
29-3608	20	26	68	14	134	
29-3609	2	42	2	92	97	7	
28-3309	602	243	1189	
16-1764	368	3080	1102	540	123	
16-1761	718	1074	3083	
29-3429	122	7	2	26	176	14	510	
14-1529	2220	11	0	
29-3420	24	208	2	42	92	20	7	200	
29-3422	2298	7	175	
29-3423	22	7	268	2302	2	
29-3424	238	210	92	4	655	103	413	4	7	200	231	
29-3425	24	119	26	2	7	22	
29-3426	22	2	562	68	14	59	
14-1520	35	0	86	
33-4023	551	1655	0	30	
12-1268	3120	1529	324	821	
12-1266	287	29	0	1360	16	1362	2	1361	1359	464	0	
18-1981	0	112	3	
18-1980	0	1347	171	38	3	
29-3555	7	20	2	26	274	105	
12-1286	514	3631	446	3407	81	446	
12-1287	0	664	29	
29-3550	7	2	26	183	14	
12-1281	74	1097	3045	74	
12-1282	128	663	1097	74	
3-198	1887	219	139	
3-197	329	1888	1886	28	
18-1982	496	0	31	38	
3-195	247	1118	3214	1155	3219	3218	1944	1935	736	735	1890	893	1889	892	
40-4728	0	534	379	3443	
12-1288	29	0	204	1216	3628	133	63	1215	
12-1289	466	217	1121	
3-190	1922	899	28	
18-1987	3	16	114	114	
29-3625	4	92	2	547	7	
18-1985	3	1353	250	756	
9-996	12	132	505	61	
37-4457	724	735	724	
18-1984	314	222	220	3	16	114	
18-2178	0	31	671	
18-2174	1109	0	31	38	
18-2171	3	128	74	85	383	
1-28	3488	173	854	
1-29	0	63	478	
43-4891	0	294	233	
43-4894	0	81	2780	4	0	1055	101	1055	
1-21	149	764	1185	446	
27-3149	449	783	334	471	21	18	
27-3140	876	881	600	600	1740	1739	111	847	1738	654	
27-3142	642	223	334	736	2171	
27-3144	21	782	18	
19-2266	290	141	861	
19-2264	1707	1706	3106	
3-179	28	247	286	
41-4743	75	62	41	9	312	65	45	
8-846	5	30	3296	
8-844	5	3111	64	
8-842	236	9	5	
21-2437	6	1085	162	
44-4959	2	113	145	498	115	
8-849	5	64	1132	
41-4735	317	1214	316	761	
18-2197	0	2179	3	
18-2193	3649	1773	831	
18-2190	250	0	2157	112	3669	
36-4353	4	70	234	
36-4350	70	55	234	
19-2285	2930	1080	370	
18-2222	0	31	38	3	
19-2280	610	486	2928	
15-1688	74	989	989	399	
18-2229	279	1382	30	
15-1681	3535	368	1086	1087	
21-2548	10	6	255	
21-2541	10	6	165	
21-2543	10	6	255	89	
21-2545	10	6	89	
24-2857	1	87	4	
24-2856	1	87	1	
24-2850	2282	675	170	1	
24-2853	570	646	2287	
24-2852	266	1	87	
24-2859	3046	362	217	
24-2858	1	204	173	442	2288	
39-4652	414	118	111	
17-1849	106	168	49	224	1342	
17-1848	1337	111	49	71	796	323	
17-1845	33	106	32	49	3643	
17-1844	71	374	481	487	49	106	33	372	373	3640	93	93	
17-1847	71	797	49	32	1338	93	
17-1846	397	3644	1341	1340	1339	
17-1840	851	33	106	
17-1843	1678	12	224	397	
10-1104	3206	1210	3618	3326	
10-1108	0	245	292	
29-3639	7	7	1	2	
29-3635	14	230	274	24	274	322	7	231	
29-3634	7	322	105	
29-3631	2774	24	78	273	272	1467	2	20	7	
29-3630	2	105	14	
29-3633	24	2773	2	53	1465	1464	7	
29-3632	26	183	14	
21-2529	6	27	243	607	853	1683	1682	243	27	229	6	
16-1779	2912	838	838	23	
29-3384	2594	2	417	125	238	
29-3387	1111	163	0	100	2801	4	
29-3386	22	7	97	196	
29-3381	24	47	2	39	200	
29-3380	237	2	14	134	
29-3383	22	39	7	20	340	196	
29-3382	2	78	264	39	
29-3389	39	97	20	2	14	59	
29-3388	7	22	22	
32-3877	556	1160	1161	
32-3878	391	3388	1545	2271	
29-3709	208	120	134	105	
29-3708	711	1918	1915	211	7	
13-1385	3	2658	970	77	
13-1382	3	1	2758	1052	522	1	3	507	880	127	842	
13-1383	57	328	2663	682	1136	475	
13-1381	57	2489	475	2490	2662	2661	2755	878	877	333	483	1028	
29-3701	134	24	2	
29-3700	42	2	183	
29-3702	182	268	7	
13-1388	57	77	3	23	262	
3-188	452	1742	990	398	620	398	
18-2012	0	112	38	3	
29-3563	42	7	7	
40-4706	2	289	1508	253	
29-3565	1	470	708	1	
29-3564	212	20	2	4	137	103	411	
29-3567	22	20	2	14	51	
29-3569	7	22	212	
29-3568	24	2	748	7	
3-185	427	1200	705	573	139	369	28	
3-186	247	3539	1199	3545	3544	369	
3-187	895	705	219	95	28	
14-1628	419	167	2626	
14-1629	81	11	1023	
40-4703	2	253	174	253	
14-1622	0	11	2820	424	
18-2017	3	16	48	
26-3083	19	5	5	2793	389	
26-3082	2794	4	19	
26-3080	2984	2985	2978	2979	2796	2795	
26-3087	438	278	4	440	1020	2599	781	2600	2601	1019	4	20	19	
26-3086	1186	2603	773	1054	582	659	2604	2605	
26-3085	19	4	357	2791	1059	1058	4	20	19	366	2790	2789	2602	
26-3084	2792	67	2	20	
26-3088	19	5	2598	
29-3414	24	47	4	
29-3417	14	24	26	2	78	
29-3416	2	68	51	
29-3411	14	24	47	
29-3410	175	39	97	20	2	26	68	14	
29-3413	97	20	2	26	68	2296	14	51	14	
29-3412	221	7	39	
29-3419	20	238	2	68	341	
29-3418	264	13	7	2297	39	
16-1802	2379	108	662	
7-710	1404	1403	218	
25-2924	46	891	36	
37-4441	1212	143	2	334	
25-2920	617	31	233	
7-718	1	581	190	459	
18-2169	2	210	88	
9-999	12	61	44	
9-998	12	61	34	538	
18-2161	3	30	220	496	
18-2165	3	16	48	
27-3156	497	784	450	633	296	21	18	
12-1305	128	389	2339	
1-30	1688	1686	258	
1-8	149	1015	31	674	331	
1-1	919	939	2233	939	
1-3	196	2043	128	74	
1-2	919	0	514	1015	31	251	331	0	29	
1-5	2044	2045	0	81	197	81	63	251	0	29	
1-7	29	0	63	31	339	133	31	331	63	2574	0	29	
1-6	5	2575	148	302	
8-870	9	64	5	
44-4962	727	963	145	115	
38-4480	827	3682	1224	302	3160	3123	1308	
38-4485	1796	1790	1788	1314	
38-4489	3597	593	611	3598	
18-2184	0	31	3	
18-2187	38	186	244	
36-4346	344	305	4	
36-4347	27	4	70	345	
18-2188	1	3	311	
18-2189	1494	3	818	
36-4342	322	47	345	55	234	55	70	344	305	4	27	
36-4343	4	305	3088	
44-4929	355	730	2	
41-4795	1113	787	786	
18-2236	0	38	1	1381	
18-2232	0	3	152	
21-2575	0	6	165	
35-4124	3593	43	155	3592	
35-4127	163	1205	533	43	
35-4126	17	3231	413	
35-4121	1095	67	43	347	42	3222	
21-2570	478	0	6	
21-2573	89	6	704	
35-4122	43	155	17	566	3591	
21-2579	3660	0	6	89	
35-4128	371	43	155	67	17	
15-1673	63	35	11	81	
44-4923	2	143	0	0	
44-4984	525	2590	649	2	
44-4989	526	730	2415	108	113	
20-2380	2555	2552	2553	
20-2384	1978	1977	955	
28-3289	239	21	18	
24-2842	1	2472	266	
24-2841	1	4	1000	999	2470	243	266	
24-2847	1	2284	363	
24-2849	1	170	675	2285	
39-4644	23	415	337	
39-4645	118	415	1987	1134	
39-4647	415	111	414	
34-4070	591	1501	592	917	
17-1858	33	106	32	49	
17-1859	79	82	33	373	376	373	117	336	117	361	93	
17-1852	224	360	49	32	33	
17-1853	374	487	360	797	49	33	361	93	
17-1850	224	49	32	111	1	33	117	93	
17-1851	106	168	49	
34-4056	265	1787	1	792	1315	792	320	
17-1857	79	321	455	381	249	380	82	32	93	
17-1854	12	42	12	1163	94	71	323	
17-1855	12	747	12	2493	3393	2492	3389	1156	3385	1324	747	795	1326	
34-4073	153	2036	277	
10-1116	441	560	258	
34-4074	153	917	2039	403	
10-1115	1175	1	95	3426	3425	
10-1112	280	2	148	442	0	443	31	29	
10-1113	10	138	169	
34-4075	153	403	83	403	918	
18-1988	0	38	596	3	
29-3628	7	2	26	
29-3629	105	14	68	26	
17-1876	79	335	249	80	
29-3622	318	2	221	342	1040	574	
29-3623	4	284	103	137	679	7	
29-3620	26	14	510	
29-3621	183	2	7	318	
29-3626	7	2	105	134	
29-3627	2	7	122	
29-3624	22	318	182	1060	1289	1470	1469	413	
18-1986	31	1191	38	
34-4078	2040	140	139	2041	2207	
16-1747	2521	2522	3065	2	430	718	539	
34-4079	951	153	576	
35-4238	17	96	2223	1140	
29-3392	268	2799	4	103	2798	1060	284	
29-3393	137	4	7	39	
29-3390	14	24	2	92	
29-3396	22	39	7	
29-3397	7	20	2	208	14	59	
29-3394	22	280	4	84	2797	291	291	527	
29-3395	690	300	1	39	
29-3398	14	24	26	2	92	238	7	39	22	
14-1506	3003	3005	3004	363	1089	2232	363	666	
22-2700	1007	2524	2525	2529	2530	1812	1813	1814	1013	693	1815	1816	621	1817	881	2578	1222	3664	1220	3662	3672	3670	3668	3667	1991	1990	2167	2168	2217	645	2165	
35-4236	347	2504	2511	17	
29-3712	24	2	42	1916	97	
29-3713	7	20	183	176	
13-1444	3	1	2295	1	288	2294	2290	
13-1447	653	333	126	54	2286	158	912	118	930	2137	
13-1446	53	144	88	472	2289	2	13	1098	654	1098	2	483	
13-1440	997	1	1	2457	998	2455	
13-1443	1	942	1	507	2293	2292	983	
13-1442	144	998	2856	5	799	
13-1449	653	2138	2017	2198	921	
13-1448	930	158	1	1	
40-4709	2	1503	174	1502	
40-4708	1	3	1507	
29-3578	105	14	2	125	
29-3579	900	7	20	2	134	51	
29-3576	24	2	78	273	342	42	2	125	7	
29-3577	20	3580	68	
29-3574	22	20	2	26	
29-3575	59	24	525	7	
29-3572	26	2	1167	221	97	
29-3573	14	26	2	342	42	
29-3570	4	3408	655	103	103	711	
26-3091	2433	4	20	19	
26-3092	19	20	4	2432	994	993	2435	2434	2436	995	2438	
26-3094	19	4	2437	2258	2259	384	2256	2257	965	1058	269	2253	1059	4	20	19	246	285	315	
26-3097	19	20	4	2263	3455	993	994	3456	1178	3451	4	20	1425	2346	
26-3098	20	19	246	
29-3402	24	68	2	78	940	264	2	7	200	22	
29-3403	22	122	20	2	68	14	
29-3400	26	7	237	22	
29-3401	22	39	97	4	2	341	68	14	
29-3406	30	517	2570	22	
29-3407	39	268	4	2613	0	100	
29-3404	22	7	20	2567	2	26	68	59	
29-3405	14	24	47	2	168	76	
29-3408	2614	0	4	494	2299	2300	
29-3409	2301	4	7	237	
21-2551	10	6	165	
9-988	3047	506	34	538	
9-987	61	12	0	2572	2571	673	2192	981	2190	2191	0	5	
9-984	132	519	519	61	
9-983	76	520	2573	53	12	61	34	
22-2703	1007	1	2164	1216	2202	2206	2330	2329	2332	2331	2334	2333	2336	2335	2328	2327	3636	3637	3638	3639	3632	3633	516	3634	
27-3120	497	21	18	
22-2707	289	800	3666	3056	3055	3513	3508	244	12	1156	3059	3058	1201	3556	3051	206	1769	1768	
22-2706	78	1675	1674	847	1669	1671	1670	155	1676	2882	3608	2884	458	2885	2886	2887	2888	2889	3658	407	
22-2705	1334	1333	1332	1331	1330	1329	1328	1327	1516	820	1514	1515	1519	1520	1517	256	685	1518	1511	1512	1673	1672	
22-2704	3635	3629	3460	1336	1	407	1335	
12-1309	29	0	245	763	
22-2709	1103	837	1631	1632	1633	1634	1638	1639	2128	2127	2130	2129	2124	2123	2126	2125	2122	2121	1927	1928	1925	1926	
22-2708	1767	1766	1765	1764	1763	1762	1771	86	4	1770	23	1635	1636	1637	
